日期,成交股數,成交金額,開盤價,最高價,最低價,收盤價,漲跌價差,成交筆數
2013-11-27,4110315.0,132767904.0,34.0,34.0,31.2,31.2,X0.00,2890.0
2013-11-28,1673090.0,50770681.0,30.9,30.9,29.9,30.2,-1.00,1102.0
2013-11-29,879000.0,26894300.0,30.2,30.9,30.2,30.4,+0.20,554.0
2013-12-02,601090.0,18388390.0,30.4,30.85,30.4,30.45,+0.05,377.0
2013-12-03,738000.0,22551600.0,30.5,30.65,30.45,30.55,+0.10,450.0
2013-12-04,1679384.0,52936302.0,30.55,32.35,30.1,31.9,+1.35,1058.0
2013-12-05,892294.0,28269411.0,32.0,32.25,31.4,31.6,-0.30,553.0
2013-12-06,1629391.0,53492404.0,32.0,33.5,31.8,32.55,+0.95,935.0
2013-12-09,1169148.0,37429836.0,32.5,32.5,31.7,31.95,-0.60,581.0
2013-12-10,671088.0,21073072.0,32.0,32.05,31.0,31.35,-0.60,378.0
2013-12-11,396000.0,12312000.0,31.5,31.5,30.8,30.85,-0.50,213.0
2013-12-12,257000.0,7906550.0,30.85,31.2,30.65,30.65,-0.20,168.0
2013-12-13,347000.0,10674500.0,30.6,31.2,30.5,31.2,+0.55,207.0
2013-12-16,217015.0,6677930.0,31.1,31.1,30.6,30.8,-0.40,141.0
2013-12-17,162025.0,4989018.0,30.8,31.0,30.6,30.65,-0.15,108.0
2013-12-18,330010.0,10082411.0,30.65,30.85,30.35,30.5,-0.15,176.0
2013-12-19,285005.0,8826561.0,30.5,31.4,30.5,31.2,+0.70,192.0
2013-12-20,295000.0,9171200.0,31.3,31.3,30.8,30.8,-0.40,166.0
2013-12-23,349015.0,10934915.0,31.7,31.7,30.9,31.2,+0.40,207.0
2013-12-24,667611.0,21324602.0,31.3,32.5,31.3,31.95,+0.75,347.0
2013-12-25,280000.0,8825400.0,31.75,31.9,31.3,31.65,-0.30,172.0
2013-12-26,690395.0,22151278.0,31.8,32.7,31.7,31.8,+0.15,376.0
2013-12-27,356000.0,11260500.0,31.8,32.1,31.35,31.85,+0.05,194.0
2013-12-30,178000.0,5616350.0,32.0,32.0,31.45,31.5,-0.35,109.0
2013-12-31,458000.0,14250800.0,31.25,31.75,30.8,31.0,-0.50,196.0
2014-01-02,200000.0,6233350.0,31.0,31.4,30.8,31.3,+0.30,107.0
2014-01-03,220000.0,6849650.0,31.3,31.4,30.9,31.4,+0.10,102.0
2014-01-06,97000.0,3027150.0,31.3,31.55,31.1,31.1,-0.30,69.0
2014-01-07,170000.0,5271050.0,31.1,31.3,30.9,31.05,-0.05,98.0
2014-01-08,698199.0,22133098.0,31.0,32.1,31.0,31.7,+0.65,347.0
2014-01-09,339000.0,10619300.0,31.7,31.7,31.0,31.1,-0.60,187.0
2014-01-10,165171.0,5166793.0,31.1,31.45,31.0,31.4,+0.30,112.0
2014-01-13,285000.0,9002000.0,31.55,31.85,31.35,31.55,+0.15,146.0
2014-01-14,126000.0,3960750.0,31.55,31.65,31.3,31.4,-0.15,71.0
2014-01-15,505330.0,16133676.0,31.5,32.5,31.35,32.0,+0.60,294.0
2014-01-16,198071.0,6276690.0,31.9,32.0,31.5,31.5,-0.50,117.0
2014-01-17,112000.0,3537400.0,31.7,31.7,31.5,31.55,+0.05,69.0
2014-01-20,105000.0,3308050.0,31.7,31.7,31.4,31.55, 0.00,63.0
2014-01-21,206000.0,6464100.0,31.55,31.7,31.3,31.5,-0.05,90.0
2014-01-22,112000.0,3504200.0,31.5,31.6,31.15,31.15,-0.35,64.0
2014-01-23,95000.0,2963500.0,31.15,31.3,31.1,31.15, 0.00,53.0
2014-01-24,229070.0,7083570.0,31.15,31.2,30.6,31.15, 0.00,123.0
2014-01-27,156004.0,4807475.0,30.7,31.05,30.7,30.7,-0.45,90.0
2014-02-05,76000.0,2309900.0,30.5,30.6,30.25,30.55,-0.15,48.0
2014-02-06,100000.0,3060950.0,30.6,30.8,30.55,30.7,+0.15,58.0
2014-02-07,174088.0,5330297.0,30.7,30.8,30.55,30.55,-0.15,71.0
2014-02-10,61000.0,1869800.0,30.6,30.7,30.55,30.55, 0.00,34.0
2014-02-11,159000.0,4878650.0,30.55,30.9,30.5,30.9,+0.35,70.0
2014-02-12,70160.0,2163044.0,30.9,31.1,30.6,30.85,-0.05,39.0
2014-02-13,45002.0,1386011.0,30.9,30.9,30.65,30.65,-0.20,27.0
2014-02-14,92000.0,2813950.0,30.8,30.8,30.5,30.55,-0.10,47.0
2014-02-17,64000.0,1955550.0,30.6,30.7,30.5,30.5,-0.05,40.0
2014-02-18,108001.0,3287330.0,30.55,30.65,30.35,30.45,-0.05,58.0
2014-02-19,110225.0,3369080.0,30.45,30.85,30.4,30.85,+0.40,86.0
2014-02-20,332251.0,10407993.0,30.8,31.75,30.8,31.25,+0.40,187.0
2014-02-21,112000.0,3496300.0,31.5,31.5,31.1,31.2,-0.05,66.0
2014-02-24,66003.0,2042443.0,30.6,31.4,30.6,31.0,-0.20,51.0
2014-02-25,105000.0,3240850.0,30.9,31.05,30.75,30.9,-0.10,57.0
2014-02-26,101000.0,3130800.0,31.0,31.3,30.85,30.9, 0.00,53.0
2014-02-27,255245.0,8019702.0,30.9,31.65,30.9,31.6,+0.70,130.0
2014-03-03,132000.0,4142700.0,31.6,31.6,31.2,31.4,-0.20,86.0
2014-03-04,92003.0,2885793.0,31.4,31.55,31.25,31.3,-0.10,47.0
2014-03-05,167001.0,5234532.0,31.5,31.6,31.2,31.2,-0.10,90.0
2014-03-06,219000.0,6882250.0,31.3,31.7,31.2,31.2, 0.00,124.0
2014-03-07,164103.0,5100513.0,31.4,31.4,30.8,30.8,-0.40,89.0
2014-03-10,84003.0,2578293.0,31.1,31.1,30.6,30.75,-0.05,57.0
2014-03-11,120001.0,3720181.0,30.8,31.2,30.8,31.2,+0.45,58.0
2014-03-12,1228605.0,40691926.0,31.2,33.35,31.2,33.35,+2.15,399.0
2014-03-13,2697347.0,95143868.0,34.4,35.65,33.85,35.65,+2.30,1303.0
2014-03-14,1509802.0,51748324.0,35.25,35.5,33.3,33.45,-2.20,865.0
2014-03-17,778228.0,25625838.0,33.45,33.7,32.2,32.75,-0.70,544.0
2014-03-18,350345.0,11513751.0,32.75,33.2,32.65,33.0,+0.25,188.0
2014-03-19,409000.0,13368050.0,33.6,33.6,32.4,32.4,-0.60,197.0
2014-03-20,423000.0,13579900.0,32.4,32.7,31.9,32.0,-0.40,194.0
2014-03-21,217001.0,6967033.0,32.1,32.5,31.8,32.1,+0.10,127.0
2014-03-24,453000.0,14216150.0,31.5,31.7,31.25,31.45,-0.65,200.0
2014-03-25,216300.0,6906269.0,31.45,32.5,31.45,32.2,+0.75,141.0
2014-03-26,208000.0,6735650.0,32.5,32.6,32.05,32.4,+0.20,104.0
2014-03-27,111000.0,3567650.0,32.3,32.4,32.05,32.15,-0.25,63.0
2014-03-28,292050.0,9282700.0,32.0,32.1,31.6,31.6,-0.55,147.0
2014-03-31,134002.0,4271816.0,31.6,32.0,31.6,31.7,+0.10,63.0
2014-04-01,148000.0,4733300.0,31.7,32.15,31.7,32.0,+0.30,70.0
2014-04-02,184029.0,5974781.0,32.1,32.8,32.0,32.4,+0.40,91.0
2014-04-03,134028.0,4337949.0,32.6,32.6,32.0,32.1,-0.30,75.0
2014-04-07,108000.0,3449900.0,32.0,32.1,31.8,32.0,-0.10,62.0
2014-04-08,120000.0,3814550.0,31.85,31.95,31.7,31.7,-0.30,67.0
2014-04-09,75000.0,2393300.0,31.7,32.3,31.7,31.9,+0.20,40.0
2014-04-10,70000.0,2232050.0,31.9,32.2,31.75,31.9, 0.00,40.0
2014-04-11,146000.0,4619250.0,31.75,31.95,31.4,31.65,-0.25,79.0
2014-04-14,89200.0,2815540.0,32.0,32.0,31.45,31.45,-0.20,48.0
2014-04-15,125000.0,3934100.0,31.65,31.65,31.4,31.5,+0.05,47.0
2014-04-16,114022.0,3610005.0,31.5,31.95,31.5,31.95,+0.45,62.0
2014-04-17,74014.0,2352719.0,31.8,32.0,31.55,31.95, 0.00,46.0
2014-04-18,45000.0,1431000.0,32.0,32.0,31.7,31.9,-0.05,28.0
2014-04-21,23000.0,727450.0,31.7,31.8,31.55,31.7,-0.20,16.0
2014-04-22,54000.0,1706800.0,31.5,31.8,31.5,31.6,-0.10,22.0
2014-04-23,52087.0,1650390.0,31.55,31.85,31.55,31.55,-0.05,38.0
2014-04-24,304000.0,9465900.0,31.55,31.8,30.8,30.8,-0.75,120.0
2014-04-25,287151.0,8723639.0,30.8,30.85,30.05,30.25,-0.55,123.0
2014-04-28,155086.0,4639651.0,29.9,30.2,29.6,29.8,-0.45,78.0
2014-04-29,153113.0,4600327.0,29.8,30.2,29.8,30.1,+0.30,68.0
2014-04-30,110000.0,3270700.0,29.95,30.05,29.6,29.6,-0.50,54.0
2014-05-02,99031.0,2939117.0,29.6,29.85,29.6,29.7,+0.10,40.0
2014-05-05,57000.0,1692900.0,29.7,29.9,29.5,29.8,+0.10,27.0
2014-05-06,61000.0,1819850.0,29.7,29.9,29.7,29.85,+0.05,21.0
2014-05-07,79000.0,2348300.0,29.85,29.85,29.65,29.65,-0.20,49.0
2014-05-08,213000.0,6450800.0,30.0,30.9,29.95,30.1,+0.45,106.0
2014-05-09,289000.0,8594250.0,29.6,30.4,29.5,29.8,-0.30,117.0
2014-05-12,149000.0,4408200.0,30.1,30.1,29.5,29.5,-0.30,63.0
2014-05-13,142000.0,4160600.0,29.5,29.55,29.05,29.05,-0.45,67.0
2014-05-14,105000.0,3044900.0,29.1,29.15,28.9,29.05, 0.00,47.0
2014-05-15,195000.0,5520850.0,28.8,28.8,28.15,28.4,-0.65,104.0
2014-05-16,218500.0,6072950.0,28.4,28.4,27.55,27.6,-0.80,97.0
2014-05-19,77317.0,2149330.0,27.9,28.0,27.6,27.8,+0.20,44.0
2014-05-20,52058.0,1450222.0,27.8,28.0,27.8,27.9,+0.10,28.0
2014-05-21,31000.0,862800.0,27.75,28.05,27.75,28.05,+0.15,18.0
2014-05-22,36000.0,1017300.0,28.15,28.45,28.0,28.4,+0.35,23.0
2014-05-23,35010.0,987900.0,28.4,28.4,28.05,28.1,-0.30,26.0
2014-05-26,76000.0,2171300.0,28.5,28.8,28.4,28.7,+0.60,45.0
2014-05-27,45070.0,1290773.0,28.7,28.8,28.3,28.8,+0.10,33.0
2014-05-28,141430.0,4144820.0,28.4,29.95,28.4,29.3,+0.50,78.0
2014-05-29,76000.0,2226800.0,29.3,29.7,29.0,29.1,-0.20,38.0
2014-05-30,122000.0,3520700.0,29.1,29.1,28.5,28.7,-0.40,51.0
2014-06-03,125000.0,3618850.0,29.55,29.55,28.75,28.8,+0.10,73.0
2014-06-04,47000.0,1356300.0,28.8,29.0,28.8,28.9,+0.10,21.0
2014-06-05,39000.0,1117100.0,29.0,29.0,28.55,28.55,-0.35,28.0
2014-06-06,203000.0,5834750.0,28.6,29.3,28.6,29.05,+0.50,50.0
2014-06-09,44111.0,1259402.0,29.3,29.3,28.3,28.6,-0.45,34.0
2014-06-10,63347.0,1801336.0,28.85,28.85,28.3,28.3,-0.30,46.0
2014-06-11,33000.0,936150.0,28.35,28.5,28.3,28.5,+0.20,24.0
2014-06-12,81000.0,2290200.0,28.5,28.5,28.2,28.25,-0.25,27.0
2014-06-13,37000.0,1043800.0,28.2,28.4,28.15,28.4,+0.15,19.0
2014-06-16,47000.0,1341950.0,28.3,28.8,28.25,28.8,+0.40,38.0
2014-06-17,40000.0,1144600.0,28.9,29.0,28.5,28.5,-0.30,26.0
2014-06-18,49000.0,1410450.0,28.7,28.95,28.5,28.85,+0.35,42.0
2014-06-19,45132.0,1289138.0,28.9,28.9,28.55,28.55,-0.30,24.0
2014-06-20,26000.0,740400.0,28.55,28.55,28.35,28.45,-0.10,17.0
2014-06-23,47000.0,1332050.0,28.5,28.5,28.2,28.4,-0.05,34.0
2014-06-24,21000.0,600250.0,28.8,28.8,28.3,28.4, 0.00,18.0
2014-06-25,15000.0,427050.0,28.55,28.55,28.4,28.5,+0.10,13.0
2014-06-26,48000.0,1380350.0,28.6,28.9,28.5,28.85,+0.35,29.0
2014-06-27,32200.0,927400.0,28.85,28.85,28.7,28.8,-0.05,23.0
2014-06-30,173001.0,5081679.0,28.85,29.6,28.85,29.5,+0.70,83.0
2014-07-01,32000.0,934150.0,29.5,29.7,28.85,29.25,-0.25,29.0
2014-07-02,66066.0,1914016.0,29.0,29.2,28.8,28.8,-0.45,38.0
2014-07-03,20000.0,580000.0,29.0,29.0,29.0,29.0,+0.20,17.0
2014-07-04,23050.0,667502.0,29.0,29.1,28.8,28.8,-0.20,19.0
2014-07-07,53000.0,1517050.0,28.8,28.8,28.5,28.6,-0.20,27.0
2014-07-08,382000.0,11680600.0,30.6,30.6,30.0,30.6,+2.00,168.0
2014-07-09,556500.0,17205900.0,30.9,31.2,30.5,30.8,+0.20,285.0
2014-07-10,366123.0,11392993.0,30.7,31.65,30.5,30.95,+0.15,221.0
2014-07-11,459000.0,13602000.0,30.25,30.5,29.0,29.0,X0.00,232.0
2014-07-14,114030.0,3320433.0,29.0,29.4,29.0,29.2,+0.20,50.0
2014-07-15,48000.0,1402750.0,29.6,29.6,29.1,29.2, 0.00,31.0
2014-07-16,83000.0,2407450.0,29.2,29.2,28.8,28.9,-0.30,46.0
2014-07-17,106000.0,3055600.0,28.9,29.2,28.65,28.7,-0.20,50.0
2014-07-18,13330.0,385535.0,28.6,29.2,28.6,29.1,+0.40,14.0
2014-07-21,60000.0,1743000.0,29.4,29.4,28.85,28.95,-0.15,40.0
2014-07-22,46000.0,1336100.0,29.2,29.3,28.9,29.25,+0.30,29.0
2014-07-24,112000.0,3330200.0,29.9,29.95,29.4,29.5,+0.25,74.0
2014-07-25,23013.0,676583.0,29.7,29.7,29.3,29.4,-0.10,19.0
2014-07-28,52080.0,1525778.0,29.2,29.6,29.1,29.4, 0.00,32.0
2014-07-29,97000.0,2834150.0,29.2,29.5,28.9,29.3,-0.10,59.0
2014-07-30,284098.0,7943353.0,27.25,28.5,27.25,28.1,-1.20,166.0
2014-07-31,121000.0,3377150.0,27.9,28.1,27.65,27.95,-0.15,62.0
2014-08-01,96000.0,2673950.0,27.75,28.1,27.6,28.0,+0.05,47.0
2014-08-04,90017.0,2494418.0,28.0,28.0,27.5,27.7,-0.30,54.0
2014-08-05,40013.0,1105963.0,27.65,27.8,27.55,27.7, 0.00,23.0
2014-08-06,102001.0,2791527.0,27.6,27.6,27.15,27.2,-0.50,60.0
2014-08-07,66000.0,1802050.0,27.1,27.9,27.1,27.5,+0.30,29.0
2014-08-08,65000.0,1772800.0,27.3,27.35,27.2,27.3,-0.20,45.0
2014-08-11,18000.0,491150.0,27.3,27.5,27.2,27.2,-0.10,12.0
2014-08-12,47000.0,1288150.0,27.25,27.65,27.2,27.5,+0.30,30.0
2014-08-13,94000.0,2581350.0,27.6,27.6,27.4,27.55,+0.05,29.0
2014-08-14,63000.0,1745300.0,27.7,27.9,27.6,27.6,+0.05,43.0
2014-08-15,23000.0,634600.0,27.7,27.8,27.45,27.5,-0.10,16.0
2014-08-18,41000.0,1114850.0,27.2,27.4,27.1,27.15,-0.35,32.0
2014-08-19,38000.0,1032050.0,27.15,27.3,27.1,27.2,+0.05,21.0
2014-08-20,19000.0,516700.0,27.15,27.25,27.15,27.2, 0.00,14.0
2014-08-21,46000.0,1243850.0,27.2,27.2,27.0,27.0,-0.20,23.0
2014-08-22,78000.0,2140000.0,27.2,27.85,27.0,27.5,+0.50,47.0
2014-08-25,56000.0,1545000.0,27.9,27.9,27.45,27.5, 0.00,42.0
2014-08-26,88870.0,2431069.0,27.5,27.5,27.2,27.35,-0.15,43.0
2014-08-27,79500.0,2192950.0,27.5,27.8,27.3,27.6,+0.25,48.0
2014-08-28,24270.0,668802.0,27.6,27.6,27.5,27.55,-0.05,18.0
2014-08-29,51000.0,1403900.0,27.55,27.7,27.35,27.7,+0.15,34.0
2014-09-01,108000.0,3013900.0,28.0,28.15,27.7,28.15,+0.45,54.0
2014-09-02,21011.0,588008.0,28.15,28.15,27.8,28.0,-0.15,15.0
2014-09-03,52000.0,1459000.0,28.0,28.15,28.0,28.1,+0.10,24.0
2014-09-04,15000.0,420000.0,28.0,28.2,27.8,28.2,+0.10,13.0
2014-09-05,29000.0,812550.0,28.2,28.2,27.9,28.05,-0.15,17.0
2014-09-09,18089.0,506042.0,28.05,28.1,27.9,27.9,-0.15,16.0
2014-09-10,60000.0,1663800.0,27.9,27.95,27.6,27.9, 0.00,30.0
2014-09-11,65000.0,1840750.0,28.4,28.5,28.15,28.15,+0.25,42.0
2014-09-12,47000.0,1329950.0,28.15,28.5,28.05,28.1,-0.05,25.0
2014-09-15,36001.0,1009878.0,27.95,28.1,27.95,28.0,-0.10,12.0
2014-09-16,22000.0,615300.0,27.85,28.0,27.85,28.0, 0.00,15.0
2014-09-17,67016.0,1878110.0,28.0,28.2,27.85,28.15,+0.15,45.0
2014-09-18,16000.0,447750.0,27.95,28.0,27.95,28.0,-0.15,9.0
2014-09-19,26000.0,727250.0,28.0,28.25,27.85,28.25,+0.25,18.0
2014-09-22,43000.0,1205400.0,28.0,28.2,28.0,28.1,-0.15,21.0
2014-09-23,21000.0,585800.0,28.0,28.0,27.8,27.9,-0.20,14.0
2014-09-24,22000.0,618000.0,27.9,28.2,27.9,28.0,+0.10,22.0
2014-09-25,42123.0,1179030.0,28.0,28.0,27.9,27.9,-0.10,18.0
2014-09-26,21000.0,590400.0,27.8,28.2,27.8,27.9, 0.00,14.0
2014-09-29,50000.0,1380750.0,27.9,28.0,27.4,27.5,-0.40,30.0
2014-09-30,35000.0,968700.0,27.35,27.95,27.35,27.95,+0.45,31.0
2014-10-01,47002.0,1287554.0,27.45,27.7,27.3,27.4,-0.55,29.0
2014-10-02,4000.0,109950.0,27.35,27.6,27.35,27.4, 0.00,4.0
2014-10-03,6000.0,166300.0,27.55,27.75,27.55,27.75,+0.35,4.0
2014-10-06,23000.0,630800.0,27.5,27.5,27.4,27.4,-0.35,13.0
2014-10-07,11000.0,301150.0,27.6,27.6,27.3,27.35,-0.05,10.0
2014-10-08,12000.0,328500.0,27.3,27.55,27.3,27.35, 0.00,9.0
2014-10-09,24000.0,655450.0,27.35,27.4,27.2,27.2,-0.15,16.0
2014-10-13,51000.0,1350650.0,26.4,27.0,26.2,26.95,-0.25,23.0
2014-10-14,19000.0,504650.0,26.9,26.9,26.5,26.6,-0.35,16.0
2014-10-15,34000.0,905950.0,26.6,27.25,26.5,26.65,+0.05,18.0
2014-10-16,48000.0,1260100.0,26.25,26.5,26.2,26.25,-0.40,27.0
2014-10-17,42005.0,1101130.0,26.25,26.25,26.15,26.15,-0.10,31.0
2014-10-20,18075.0,474726.0,26.3,26.3,26.25,26.3,+0.15,14.0
2014-10-21,42000.0,1082150.0,26.15,26.15,25.35,25.5,-0.80,15.0
2014-10-22,52000.0,1329550.0,25.55,25.75,25.45,25.65,+0.15,28.0
2014-10-23,55000.0,1382850.0,25.6,25.6,24.8,25.0,-0.65,30.0
2014-10-24,83000.0,2045250.0,25.0,25.0,24.5,24.55,-0.45,55.0
2014-10-27,67000.0,1636200.0,24.7,24.7,24.15,24.15,-0.40,52.0
2014-10-28,29000.0,706750.0,24.3,24.95,24.15,24.15, 0.00,21.0
2014-10-29,16000.0,394400.0,24.5,24.85,24.5,24.8,+0.65,15.0
2014-10-30,11000.0,270600.0,24.6,24.6,24.6,24.6,-0.20,7.0
2014-10-31,4000.0,99050.0,24.65,24.8,24.65,24.8,+0.20,3.0
2014-11-03,10000.0,247200.0,24.8,24.8,24.6,24.7,-0.10,10.0
2014-11-04,32000.0,781150.0,24.3,24.6,24.3,24.5,-0.20,20.0
2014-11-05,10000.0,246900.0,24.75,24.75,24.65,24.65,+0.15,9.0
2014-11-06,120000.0,3117450.0,24.9,26.35,24.9,25.8,+1.15,60.0
2014-11-07,22000.0,571700.0,25.8,26.2,25.8,26.05,+0.25,16.0
2014-11-10,45000.0,1146500.0,26.05,26.05,25.2,25.6,-0.45,19.0
2014-11-11,15000.0,383400.0,25.9,25.9,25.5,25.6, 0.00,6.0
2014-11-12,10000.0,252900.0,25.1,25.9,25.1,25.3,-0.30,10.0
2014-11-13,14000.0,354400.0,25.4,25.4,25.3,25.3, 0.00,10.0
2014-11-14,2000.0,50700.0,25.3,25.4,25.3,25.4,+0.10,2.0
2014-11-17,10000.0,252750.0,25.5,25.5,25.0,25.0,-0.40,8.0
2014-11-18,14000.0,349950.0,25.05,25.05,24.95,24.95,-0.05,10.0
2014-11-19,59000.0,1453050.0,24.65,24.95,24.45,24.6,-0.35,27.0
2014-11-20,19000.0,469650.0,24.65,25.0,24.6,24.6, 0.00,14.0
2014-11-21,23000.0,569650.0,24.7,25.0,24.7,24.8,+0.20,8.0
2014-11-24,14000.0,347400.0,24.85,24.85,24.8,24.8, 0.00,9.0
2014-11-25,23000.0,567300.0,24.8,25.0,24.6,25.0,+0.20,12.0
2014-11-26,41000.0,1011600.0,24.6,25.0,24.5,24.75,-0.25,19.0
2014-11-27,88000.0,2154650.0,24.6,24.7,24.25,24.65,-0.10,39.0
2014-11-28,4000.0,97600.0,24.35,24.55,24.35,24.55,-0.10,2.0
2014-12-01,5000.0,122200.0,24.4,24.5,24.4,24.5,-0.05,5.0
2014-12-02,35000.0,858500.0,25.0,25.0,24.4,24.4,-0.10,7.0
2014-12-03,32000.0,803200.0,24.7,25.45,24.7,25.45,+1.05,25.0
2014-12-04,42000.0,1063450.0,25.45,25.6,24.8,25.6,+0.15,25.0
2014-12-05,71000.0,1841050.0,25.6,26.25,25.6,25.95,+0.35,38.0
2014-12-08,42000.0,1079450.0,25.6,25.9,25.55,25.55,-0.40,22.0
2014-12-09,16000.0,409900.0,25.7,25.9,25.55,25.55, 0.00,7.0
2014-12-10,19051.0,486860.0,25.55,25.6,25.45,25.6,+0.05,11.0
2014-12-11,8000.0,203600.0,25.4,25.55,25.4,25.55,-0.05,5.0
2014-12-12,22000.0,563450.0,25.85,25.9,25.55,25.85,+0.30,11.0
2014-12-15,31000.0,792050.0,25.4,25.9,25.3,25.9,+0.05,15.0
2014-12-16,83000.0,2164000.0,25.95,26.3,25.95,26.05,+0.15,45.0
2014-12-17,48000.0,1240250.0,25.9,26.2,25.7,26.2,+0.15,21.0
2014-12-18,19080.0,495040.0,26.0,26.1,25.75,26.1,-0.10,11.0
2014-12-19,25000.0,654400.0,26.3,26.3,26.1,26.1, 0.00,12.0
2014-12-22,25000.0,656050.0,26.0,26.5,25.95,26.4,+0.30,22.0
2014-12-23,12000.0,318000.0,26.5,26.75,26.15,26.4, 0.00,9.0
2014-12-24,36000.0,940650.0,26.45,26.45,25.95,26.25,-0.15,23.0
2014-12-25,15000.0,393200.0,26.25,26.45,26.1,26.2,-0.05,15.0
2014-12-26,34000.0,887000.0,26.15,26.45,26.0,26.0,-0.20,21.0
2014-12-27,36000.0,942700.0,26.0,26.4,26.0,26.4,+0.40,31.0
2014-12-29,16000.0,422650.0,26.4,26.7,26.2,26.4, 0.00,16.0
2014-12-30,8000.0,209750.0,26.2,26.35,26.15,26.35,-0.05,7.0
2014-12-31,12000.0,316250.0,26.35,26.4,26.25,26.35, 0.00,11.0
2015-01-05,50000.0,1301950.0,26.15,26.25,25.9,26.0,-0.35,22.0
2015-01-06,18000.0,467900.0,25.95,26.4,25.9,26.0, 0.00,14.0
2015-01-07,12000.0,312650.0,25.9,26.45,25.9,26.3,+0.30,10.0
2015-01-08,19000.0,499600.0,26.45,26.5,26.0,26.0,-0.30,15.0
2015-01-09,170000.0,4564500.0,26.0,27.2,26.0,27.0,+1.00,97.0
2015-01-12,37000.0,998350.0,27.0,27.5,26.8,26.8,-0.20,22.0
2015-01-13,23000.0,632900.0,27.75,27.75,27.0,27.0,+0.20,16.0
2015-01-14,21000.0,568250.0,27.0,27.45,26.85,27.15,+0.15,21.0
2015-01-15,32000.0,871650.0,27.4,27.4,26.9,27.05,-0.10,23.0
2015-01-16,37200.0,1005670.0,27.0,27.3,26.9,27.25,+0.20,25.0
2015-01-19,13000.0,353600.0,27.25,27.75,26.95,26.95,-0.30,13.0
2015-01-20,28000.0,754950.0,27.6,27.6,26.8,26.85,-0.10,14.0
2015-01-21,22000.0,593000.0,27.3,27.3,26.8,27.25,+0.40,16.0
2015-01-22,53000.0,1446350.0,27.0,27.8,27.0,27.5,+0.25,27.0
2015-01-23,20000.0,547550.0,27.5,27.5,27.0,27.35,-0.15,11.0
2015-01-26,13000.0,352200.0,27.3,27.3,26.9,26.9,-0.45,10.0
2015-01-27,53000.0,1431150.0,26.85,27.2,26.85,26.9, 0.00,24.0
2015-01-28,54005.0,1438283.0,26.5,26.9,26.4,26.45,-0.45,25.0
2015-01-29,9195.0,244468.0,26.45,26.95,26.45,26.95,+0.50,9.0
2015-01-30,8000.0,215150.0,26.95,27.0,26.6,26.6,-0.35,6.0
2015-02-02,9000.0,238450.0,26.45,26.55,26.45,26.5,-0.10,5.0
2015-02-03,9000.0,239400.0,26.4,26.85,26.4,26.5, 0.00,8.0
2015-02-04,9000.0,238550.0,26.5,26.65,26.45,26.65,+0.15,8.0
2015-02-05,9000.0,238650.0,26.6,26.6,26.45,26.6,-0.05,9.0
2015-02-06,4000.0,106350.0,26.75,26.75,26.45,26.7,+0.10,4.0
2015-02-09,31000.0,829900.0,26.95,26.95,26.6,26.6,-0.10,13.0
2015-02-10,12000.0,319700.0,26.5,26.75,26.5,26.65,+0.05,12.0
2015-02-11,18000.0,480400.0,26.65,26.75,26.65,26.65, 0.00,10.0
2015-02-12,42000.0,1119850.0,26.95,26.95,26.45,26.8,+0.15,18.0
2015-02-13,10000.0,266350.0,26.65,26.9,26.55,26.55,-0.25,9.0
2015-02-24,12000.0,322000.0,26.65,27.0,26.65,26.7,+0.15,7.0
2015-02-25,32000.0,866150.0,27.1,27.2,27.0,27.0,+0.30,23.0
2015-02-26,10000.0,269450.0,27.0,27.2,26.85,26.85,-0.15,9.0
2015-03-02,15000.0,402450.0,26.85,26.9,26.8,26.8,-0.05,15.0
2015-03-03,14000.0,377100.0,26.8,27.1,26.8,27.0,+0.20,10.0
2015-03-04,19000.0,516400.0,27.1,27.3,27.0,27.2,+0.20,12.0
2015-03-05,33000.0,896250.0,27.2,27.45,27.0,27.0,-0.20,13.0
2015-03-06,9000.0,242900.0,27.0,27.0,26.9,27.0, 0.00,7.0
2015-03-09,33000.0,885950.0,27.0,27.0,26.7,26.8,-0.20,20.0
2015-03-10,6000.0,160650.0,26.95,26.95,26.7,26.7,-0.10,6.0
2015-03-11,34000.0,907150.0,26.75,26.75,26.6,26.7, 0.00,22.0
2015-03-12,8000.0,216300.0,26.9,27.1,26.8,26.8,+0.10,7.0
2015-03-13,43000.0,1147750.0,26.7,27.0,26.5,26.65,-0.15,30.0
2015-03-16,10000.0,268000.0,26.8,26.8,26.8,26.8,+0.15,9.0
2015-03-17,19000.0,507150.0,26.8,26.8,26.5,26.8, 0.00,15.0
2015-03-18,13000.0,349300.0,26.9,26.9,26.8,26.9,+0.10,13.0
2015-03-19,24000.0,644700.0,26.9,26.9,26.8,26.8,-0.10,18.0
2015-03-20,40000.0,1071450.0,26.9,27.0,26.7,26.7,-0.10,26.0
2015-03-23,30000.0,803900.0,26.7,26.9,26.7,26.7, 0.00,18.0
2015-03-24,6000.0,161400.0,26.9,26.9,26.9,26.9,+0.20,3.0
2015-03-25,11000.0,293900.0,26.9,26.9,26.7,26.7,-0.20,11.0
2015-03-26,46000.0,1225400.0,26.6,26.85,26.6,26.65,-0.05,29.0
2015-03-27,38000.0,1011450.0,26.65,26.8,26.55,26.65, 0.00,22.0
2015-03-30,18000.0,479300.0,26.65,26.65,26.6,26.6,-0.05,10.0
2015-03-31,26000.0,690600.0,26.8,26.8,26.5,26.55,-0.05,17.0
2015-04-01,15000.0,396250.0,26.5,26.5,26.25,26.5,-0.05,10.0
2015-04-02,16000.0,424600.0,26.6,26.6,26.45,26.55,+0.05,11.0
2015-04-07,69000.0,1858950.0,26.7,27.15,26.7,26.7,+0.15,32.0
2015-04-08,14000.0,374650.0,26.75,26.8,26.75,26.75,+0.05,8.0
2015-04-09,12000.0,322500.0,27.0,27.0,26.8,26.8,+0.05,12.0
2015-04-10,9032.0,242150.0,26.9,26.9,26.8,26.8, 0.00,15.0
2015-04-13,20000.0,540050.0,26.95,27.05,26.95,27.0,+0.20,15.0
2015-04-14,16000.0,426950.0,26.75,26.75,26.6,26.6,-0.40,10.0
2015-04-15,19001.0,503728.0,26.55,26.55,26.4,26.4,-0.20,18.0
2015-04-16,44000.0,1162000.0,26.3,26.7,26.3,26.4, 0.00,30.0
2015-04-17,57000.0,1510550.0,26.7,26.7,26.35,26.5,+0.10,32.0
2015-04-20,35000.0,933450.0,26.5,26.95,26.5,26.95,+0.45,32.0
2015-04-21,22000.0,585900.0,26.95,26.95,26.55,26.55,-0.40,18.0
2015-04-22,14000.0,373050.0,26.55,26.7,26.55,26.6,+0.05,13.0
2015-04-23,34000.0,908450.0,26.6,26.85,26.6,26.85,+0.25,17.0
2015-04-24,43000.0,1152150.0,26.9,26.95,26.6,26.7,-0.15,37.0
2015-04-27,53001.0,1432227.0,26.8,27.15,26.8,27.15,+0.45,38.0
2015-04-28,81001.0,2211277.0,27.2,27.4,27.2,27.3,+0.15,49.0
2015-04-29,164110.0,4605058.0,27.35,28.75,27.2,27.8,+0.50,126.0
2015-04-30,55000.0,1536500.0,28.05,28.25,27.75,28.0,+0.20,36.0
2015-05-04,61000.0,1703500.0,28.0,28.1,27.7,27.7,-0.30,28.0
2015-05-05,48000.0,1343250.0,27.8,28.1,27.8,28.0,+0.30,29.0
2015-05-06,62000.0,1720000.0,27.6,28.0,27.6,27.95,-0.05,33.0
2015-05-07,75000.0,2070700.0,27.8,27.9,27.5,27.8,-0.15,43.0
2015-05-08,23000.0,634300.0,27.45,27.8,27.4,27.75,-0.05,17.0
2015-05-11,74000.0,2019500.0,27.75,27.75,26.8,27.4,-0.35,44.0
2015-05-12,32000.0,876600.0,27.4,27.5,27.3,27.5,+0.10,16.0
2015-05-13,6000.0,163950.0,27.3,27.45,27.3,27.45,-0.05,5.0
2015-05-14,18000.0,492050.0,27.3,27.5,27.2,27.45, 0.00,9.0
2015-05-15,12000.0,327250.0,27.4,27.4,27.1,27.4,-0.05,10.0
2015-05-18,62000.0,1661600.0,27.1,27.1,26.5,26.5,-0.90,34.0
2015-05-19,11000.0,293450.0,26.55,27.0,26.55,26.55,+0.05,10.0
2015-05-20,19000.0,505750.0,26.85,26.85,26.5,26.7,+0.15,15.0
2015-05-21,26005.0,690133.0,26.7,26.75,26.45,26.55,-0.15,21.0
2015-05-22,58000.0,1517650.0,26.35,26.5,26.0,26.2,-0.35,34.0
2015-05-25,49000.0,1278550.0,26.0,26.2,26.0,26.1,-0.10,31.0
2015-05-26,5000.0,131150.0,26.2,26.3,26.2,26.3,+0.20,4.0
2015-05-27,19000.0,495600.0,26.15,26.15,26.05,26.1,-0.20,15.0
2015-05-28,41000.0,1069900.0,26.15,26.35,26.0,26.35,+0.25,19.0
2015-05-29,7000.0,183800.0,26.25,26.35,26.2,26.35, 0.00,6.0
2015-06-01,11000.0,289550.0,26.3,26.4,26.3,26.35, 0.00,7.0
2015-06-02,18045.0,471529.0,26.2,26.2,26.1,26.1,-0.25,12.0
2015-06-03,15000.0,393050.0,26.15,26.25,26.15,26.2,+0.10,12.0
2015-06-04,17000.0,442350.0,26.2,26.2,25.8,25.8,-0.40,16.0
2015-06-05,54000.0,1394900.0,26.0,26.05,25.6,25.6,-0.20,32.0
2015-06-08,26000.0,657600.0,25.6,25.6,25.1,25.1,-0.50,21.0
2015-06-09,67000.0,1664400.0,25.1,25.1,24.8,24.8,-0.30,33.0
2015-06-10,2000.0,49900.0,25.0,25.0,24.9,24.9,+0.10,2.0
2015-06-11,45000.0,1109650.0,24.7,24.8,24.5,24.7,-0.20,21.0
2015-06-12,21000.0,513500.0,24.95,24.95,24.4,24.4,-0.30,13.0
2015-06-15,30000.0,736700.0,24.6,24.6,24.5,24.6,+0.20,15.0
2015-06-16,35000.0,855600.0,24.8,24.8,24.25,24.35,-0.25,20.0
2015-06-17,54000.0,1312850.0,24.2,24.5,24.2,24.2,-0.15,38.0
2015-06-18,12000.0,292950.0,24.35,24.6,24.35,24.6,+0.40,9.0
2015-06-22,47000.0,1135350.0,24.0,24.2,24.0,24.2,-0.40,20.0
2015-06-23,9000.0,220750.0,24.5,24.55,24.5,24.55,+0.35,6.0
2015-06-24,8000.0,194750.0,24.5,24.5,24.3,24.35,-0.20,5.0
2015-06-25,28000.0,690050.0,24.5,24.7,24.5,24.7,+0.35,18.0
2015-06-26,13000.0,317400.0,24.85,24.85,24.25,24.35,-0.35,12.0
2015-06-29,23000.0,555050.0,24.25,24.25,24.1,24.1,-0.25,19.0
2015-06-30,29000.0,700700.0,24.1,24.45,24.0,24.45,+0.35,19.0
2015-07-01,7000.0,170750.0,24.3,24.45,24.2,24.45, 0.00,6.0
2015-07-02,3000.0,73300.0,24.5,24.5,24.35,24.35,-0.10,3.0
2015-07-03,9000.0,217500.0,24.25,24.25,24.1,24.2,-0.15,9.0
2015-07-06,26000.0,624700.0,24.2,24.2,24.0,24.0,-0.20,14.0
2015-07-07,50000.0,1202050.0,24.0,24.2,24.0,24.2,+0.20,14.0
2015-07-08,27000.0,646650.0,24.0,24.05,23.9,23.9,-0.30,19.0
2015-07-09,15000.0,356950.0,23.8,23.8,23.75,23.75,-0.15,12.0
2015-07-13,13000.0,311000.0,24.2,24.2,23.7,23.75, 0.00,8.0
2015-07-14,36100.0,861010.0,24.0,24.0,23.7,23.7,-0.05,26.0
2015-07-15,8100.0,187619.0,23.1,23.25,23.1,23.2,X0.00,11.0
2015-07-16,5000.0,116150.0,23.2,23.3,23.2,23.2, 0.00,4.0
2015-07-17,7000.0,162150.0,23.1,23.55,23.1,23.1,-0.10,7.0
2015-07-20,11270.0,260760.0,23.2,23.2,23.0,23.15,+0.05,13.0
2015-07-21,1000.0,23100.0,23.1,23.1,23.1,23.1,-0.05,1.0
2015-07-22,11171.0,258033.0,23.1,23.1,23.1,23.1, 0.00,11.0
2015-07-23,17000.0,393300.0,23.1,23.3,23.1,23.1, 0.00,10.0
2015-07-24,15000.0,347450.0,23.2,23.25,23.1,23.1, 0.00,10.0
2015-07-27,14050.0,322074.0,23.1,23.35,22.6,22.6,-0.50,16.0
2015-07-28,10000.0,230100.0,23.1,23.1,23.0,23.0,+0.40,8.0
2015-07-29,23007.0,516056.0,22.65,22.65,22.2,22.2,-0.80,18.0
2015-07-30,50230.0,1101563.0,22.0,22.0,21.8,21.9,-0.30,32.0
2015-07-31,87007.0,1851749.0,21.9,21.9,20.95,21.2,-0.70,55.0
2015-08-03,38008.0,783664.0,21.0,21.0,20.4,20.5,-0.70,29.0
2015-08-04,30006.0,615624.0,20.5,20.6,20.5,20.5, 0.00,20.0
2015-08-05,18000.0,370450.0,20.5,20.8,20.5,20.7,+0.20,13.0
2015-08-06,26000.0,535350.0,20.8,20.8,20.45,20.55,-0.15,18.0
2015-08-07,10000.0,204500.0,20.3,20.65,20.3,20.55, 0.00,10.0
2015-08-10,12250.0,254650.0,20.8,20.8,20.7,20.8,+0.25,10.0
2015-08-11,12000.0,250200.0,21.0,21.0,20.65,20.65,-0.15,10.0
2015-08-12,7043.0,144196.0,20.45,20.5,20.45,20.5,-0.15,5.0
2015-08-13,14000.0,292700.0,20.9,21.0,20.7,20.95,+0.45,12.0
2015-08-14,19000.0,397500.0,20.9,21.0,20.7,20.9,-0.05,12.0
2015-08-17,22000.0,461400.0,20.9,21.1,20.9,21.0,+0.10,15.0
2015-08-18,22000.0,457800.0,20.85,21.0,20.7,20.75,-0.25,17.0
2015-08-19,55000.0,1120750.0,20.75,20.75,20.0,20.1,-0.65,40.0
2015-08-20,24000.0,483800.0,20.5,20.5,20.0,20.5,+0.40,17.0
2015-08-21,15000.0,305650.0,20.45,20.5,20.0,20.15,-0.35,14.0
2015-08-24,86000.0,1660100.0,19.95,20.0,18.6,19.0,-1.15,46.0
2015-08-25,116000.0,2231400.0,19.0,19.8,19.0,19.1,+0.10,38.0
2015-08-26,18250.0,353324.0,19.1,19.8,19.1,19.8,+0.70,12.0
2015-08-27,47000.0,952550.0,19.9,20.65,19.85,20.65,+0.85,32.0
2015-08-28,39000.0,794150.0,20.25,20.7,20.25,20.5,-0.15,25.0
2015-08-31,39000.0,818000.0,20.5,21.1,20.5,21.1,+0.60,22.0
2015-09-01,24000.0,504450.0,21.05,21.1,20.95,21.0,-0.10,11.0
2015-09-02,11000.0,228700.0,20.6,21.0,20.6,20.75,-0.25,9.0
2015-09-03,30000.0,639200.0,20.7,21.8,20.7,21.7,+0.95,20.0
2015-09-04,38000.0,796500.0,21.5,21.5,20.9,21.0,-0.70,18.0
2015-09-07,18000.0,371450.0,21.0,21.0,20.5,20.5,-0.50,11.0
2015-09-08,19000.0,395250.0,20.6,20.95,20.6,20.95,+0.45,13.0
2015-09-09,13000.0,273850.0,20.8,21.3,20.8,21.1,+0.15,11.0
2015-09-10,10000.0,211300.0,21.0,21.3,21.0,21.0,-0.10,7.0
2015-09-11,26000.0,548000.0,21.0,21.1,21.0,21.05,+0.05,14.0
2015-09-14,21000.0,440450.0,20.85,21.0,20.85,21.0,-0.05,8.0
2015-09-15,8010.0,168462.0,21.05,21.05,21.0,21.0, 0.00,6.0
2015-09-16,52000.0,1110400.0,21.0,21.7,21.0,21.4,+0.40,30.0
2015-09-17,35000.0,750400.0,21.7,21.8,21.35,21.45,+0.05,14.0
2015-09-18,27000.0,578900.0,21.45,21.65,21.2,21.55,+0.10,15.0
2015-09-21,28002.0,602493.0,21.55,21.6,21.25,21.55, 0.00,20.0
2015-09-22,11050.0,236172.0,21.5,21.5,21.25,21.25,-0.30,10.0
2015-09-23,14000.0,296300.0,21.25,21.25,21.05,21.05,-0.20,10.0
2015-09-24,11000.0,232000.0,21.05,21.1,21.05,21.1,+0.05,9.0
2015-09-25,60000.0,1268750.0,21.65,21.7,20.9,21.2,+0.10,19.0
2015-09-30,31000.0,665050.0,21.4,21.7,21.3,21.4,+0.20,24.0
2015-10-01,24000.0,514400.0,21.8,21.8,21.4,21.4, 0.00,10.0
2015-10-02,50000.0,1073350.0,21.6,21.6,21.3,21.6,+0.20,30.0
2015-10-05,24150.0,522385.0,21.7,21.7,21.45,21.7,+0.10,19.0
2015-10-06,12033.0,260309.0,21.75,21.75,21.5,21.5,-0.20,12.0
2015-10-07,198000.0,4543250.0,22.2,23.5,22.15,23.2,+1.70,143.0
2015-10-08,70000.0,1605950.0,23.2,23.2,22.7,23.0,-0.20,53.0
2015-10-12,35000.0,813300.0,23.2,23.35,23.1,23.35,+0.35,24.0
2015-10-13,16000.0,370350.0,23.35,23.35,23.05,23.15,-0.20,14.0
2015-10-14,34000.0,784450.0,23.2,23.2,23.0,23.05,-0.10,19.0
2015-10-15,24000.0,553150.0,23.05,23.1,23.0,23.05, 0.00,14.0
2015-10-16,29000.0,667600.0,23.0,23.35,23.0,23.25,+0.20,24.0
2015-10-19,24000.0,560800.0,23.05,23.6,23.05,23.4,+0.15,16.0
2015-10-20,78000.0,1845300.0,23.2,23.75,23.2,23.75,+0.35,36.0
2015-10-21,79000.0,1886550.0,23.75,24.1,23.75,23.85,+0.10,47.0
2015-10-22,42000.0,1003300.0,24.05,24.05,23.8,23.95,+0.10,21.0
2015-10-23,34000.0,814850.0,24.0,24.2,23.85,24.2,+0.25,25.0
2015-10-26,16000.0,387400.0,24.0,24.5,24.0,24.3,+0.10,15.0
2015-10-27,21000.0,507850.0,24.3,24.4,24.0,24.4,+0.10,14.0
2015-10-28,21000.0,507500.0,24.3,24.4,24.1,24.3,-0.10,8.0
2015-10-29,67000.0,1612450.0,24.4,24.5,23.8,23.9,-0.40,40.0
2015-10-30,21000.0,503200.0,23.8,24.2,23.8,24.2,+0.30,16.0
2015-11-02,29000.0,706550.0,24.25,24.5,24.25,24.4,+0.20,18.0
2015-11-03,37000.0,904000.0,24.4,24.7,24.1,24.5,+0.10,20.0
2015-11-04,54000.0,1335750.0,24.7,25.0,24.4,24.6,+0.10,34.0
2015-11-05,35000.0,861950.0,24.6,24.9,24.3,24.6, 0.00,17.0
2015-11-06,24000.0,582650.0,24.6,24.6,24.2,24.25,-0.35,17.0
2015-11-09,27000.0,651900.0,24.25,24.25,24.1,24.1,-0.15,16.0
2015-11-10,14000.0,335900.0,24.0,24.0,23.9,24.0,-0.10,8.0
2015-11-11,16000.0,387650.0,24.35,24.6,23.9,23.9,-0.10,10.0
2015-11-12,20000.0,481050.0,23.9,24.85,23.7,24.85,+0.95,11.0
2015-11-13,6000.0,146100.0,24.35,24.35,24.35,24.35,-0.50,3.0
2015-11-16,24000.0,576750.0,24.2,24.2,23.9,23.9,-0.45,17.0
2015-11-17,59000.0,1413950.0,23.9,24.35,23.9,23.95,+0.05,25.0
2015-11-18,53000.0,1246550.0,23.9,23.9,23.3,23.4,-0.55,36.0
2015-11-19,32000.0,753450.0,23.4,23.75,23.4,23.75,+0.35,17.0
2015-11-20,25000.0,592900.0,23.5,24.0,23.5,23.8,+0.05,15.0
2015-11-23,46000.0,1106300.0,24.0,24.35,24.0,24.0,+0.20,25.0
2015-11-24,31000.0,747250.0,24.2,24.35,23.9,23.9,-0.10,17.0
2015-11-25,30000.0,708750.0,23.8,23.8,23.55,23.6,-0.30,13.0
2015-11-26,31000.0,735350.0,24.1,24.2,23.6,23.7,+0.10,19.0
2015-11-27,1000.0,23600.0,23.6,23.6,23.6,23.6,-0.10,1.0
2015-11-30,8000.0,187300.0,23.5,23.5,23.4,23.4,-0.20,6.0
2015-12-01,40000.0,940700.0,24.15,24.15,23.4,23.5,+0.10,23.0
2015-12-02,42000.0,984050.0,23.6,23.6,23.35,23.35,-0.15,18.0
2015-12-03,55000.0,1284150.0,23.35,23.45,23.25,23.45,+0.10,22.0
2015-12-04,48000.0,1123900.0,23.5,23.5,23.3,23.4,-0.05,20.0
2015-12-07,43000.0,1003600.0,23.3,23.5,23.25,23.25,-0.15,19.0
2015-12-08,38000.0,875050.0,23.2,23.2,23.0,23.0,-0.25,21.0
2015-12-09,66000.0,1498300.0,23.0,23.0,22.5,22.5,-0.50,31.0
2015-12-10,36000.0,799000.0,22.4,22.4,22.0,22.0,-0.50,21.0
2015-12-11,42000.0,925950.0,22.25,22.25,22.0,22.0, 0.00,14.0
2015-12-14,20000.0,440900.0,22.05,22.2,21.95,21.95,-0.05,12.0
2015-12-15,13000.0,286000.0,22.0,22.0,22.0,22.0,+0.05,11.0
2015-12-16,8000.0,178550.0,22.05,22.5,22.05,22.3,+0.30,5.0
2015-12-17,19000.0,426700.0,22.5,22.6,22.3,22.3, 0.00,12.0
2015-12-18,15000.0,336700.0,22.3,22.5,22.3,22.5,+0.20,8.0
2015-12-21,11000.0,250300.0,22.6,22.9,22.6,22.9,+0.40,8.0
2015-12-22,13000.0,295550.0,22.9,22.9,22.7,22.7,-0.20,5.0
2015-12-23,0.0,0.0,,,,, 0.00,0.0
2015-12-24,21000.0,470400.0,22.35,22.85,22.35,22.35,X0.00,12.0
2015-12-25,2000.0,45600.0,22.8,22.8,22.8,22.8,+0.45,1.0
2015-12-28,6000.0,133900.0,22.4,22.4,22.3,22.3,-0.50,3.0
2015-12-29,10000.0,223550.0,22.4,22.5,22.15,22.5,+0.20,9.0
2015-12-30,9000.0,199800.0,22.2,22.2,22.2,22.2,-0.30,5.0
2015-12-31,1000.0,22500.0,22.5,22.5,22.5,22.5,+0.30,1.0
2016-01-04,10000.0,222250.0,22.45,22.45,22.1,22.15,-0.35,8.0
2016-01-05,17000.0,377200.0,22.15,22.3,22.15,22.3,+0.15,12.0
2016-01-06,7000.0,156450.0,22.75,22.75,22.2,22.2,-0.10,7.0
2016-01-07,24000.0,524900.0,22.1,22.1,21.3,21.8,-0.40,21.0
2016-01-08,12000.0,265150.0,22.25,22.35,21.9,22.35,+0.55,10.0
2016-01-11,9000.0,199000.0,22.0,22.3,22.0,22.25,-0.10,9.0
2016-01-12,30000.0,656800.0,22.2,22.2,21.3,21.3,-0.95,22.0
2016-01-13,26000.0,575050.0,22.0,22.65,21.9,22.1,+0.80,11.0
2016-01-14,8000.0,176200.0,22.2,22.2,21.9,21.9,-0.20,6.0
2016-01-15,33000.0,720600.0,22.0,22.0,21.75,21.75,-0.15,16.0
2016-01-18,20000.0,439650.0,22.1,22.3,21.5,22.25,+0.50,14.0
2016-01-19,1000.0,22200.0,22.2,22.2,22.2,22.2,-0.05,1.0
2016-01-20,5000.0,111500.0,22.4,22.4,22.0,22.0,-0.20,4.0
2016-01-21,5000.0,111000.0,22.1,22.35,22.1,22.35,+0.35,4.0
2016-01-22,5000.0,112450.0,22.45,22.5,22.45,22.5,+0.15,3.0
2016-01-25,44000.0,1022750.0,22.5,23.5,22.5,22.8,+0.30,25.0
2016-01-26,0.0,0.0,,,,, 0.00,0.0
2016-01-27,15000.0,344850.0,23.1,23.3,22.6,22.6,X0.00,11.0
2016-01-28,1000.0,23150.0,23.15,23.15,23.15,23.15,+0.55,1.0
2016-01-29,5000.0,114300.0,22.7,23.1,22.7,22.9,-0.25,5.0
2016-01-30,1000.0,22900.0,22.9,22.9,22.9,22.9, 0.00,1.0
2016-02-01,17000.0,390400.0,22.9,23.2,22.9,22.9, 0.00,9.0
2016-02-02,7000.0,159100.0,22.7,22.8,22.7,22.8,-0.10,5.0
2016-02-03,13000.0,299150.0,22.8,23.05,22.8,23.05,+0.25,7.0
2016-02-15,6000.0,138800.0,23.05,23.3,23.05,23.1,+0.05,5.0
2016-02-16,56798.0,1314164.0,23.3,23.3,22.85,22.85,-0.25,26.0
2016-02-17,1000.0,23000.0,23.0,23.0,23.0,23.0,+0.15,1.0
2016-02-18,17000.0,392850.0,23.1,23.25,23.1,23.1,+0.10,3.0
2016-02-19,18000.0,414150.0,23.25,23.25,22.9,23.05,-0.05,13.0
2016-02-22,2000.0,46000.0,23.0,23.0,23.0,23.0,-0.05,2.0
2016-02-23,6000.0,138200.0,23.0,23.1,23.0,23.1,+0.10,4.0
2016-02-24,12000.0,275900.0,22.9,23.0,22.9,23.0,-0.10,3.0
2016-02-25,45100.0,1042335.0,23.0,23.2,23.0,23.15,+0.15,23.0
2016-02-26,49000.0,1137300.0,23.05,23.4,23.0,23.4,+0.25,23.0
2016-03-01,35045.0,818453.0,23.45,23.5,23.2,23.2,-0.20,19.0
2016-03-02,91000.0,2174000.0,23.5,24.5,23.4,24.05,+0.85,52.0
2016-03-03,48000.0,1154650.0,24.0,24.35,23.7,24.05, 0.00,30.0
2016-03-04,10000.0,239400.0,23.95,24.0,23.9,24.0,-0.05,8.0
2016-03-07,30005.0,721420.0,24.05,24.4,23.9,23.9,-0.10,14.0
2016-03-08,7000.0,168500.0,24.0,24.2,23.9,24.2,+0.30,7.0
2016-03-09,24050.0,575400.0,24.0,24.0,23.8,23.8,-0.40,15.0
2016-03-10,32000.0,767250.0,24.2,24.2,23.8,23.8, 0.00,20.0
2016-03-11,8000.0,191800.0,24.0,24.0,23.8,23.8, 0.00,5.0
2016-03-14,16000.0,384900.0,23.8,24.25,23.8,24.25,+0.45,12.0
2016-03-15,38100.0,925690.0,24.1,24.5,24.0,24.0,-0.25,32.0
2016-03-16,12000.0,286150.0,23.9,23.9,23.8,23.8,-0.20,11.0
2016-03-17,24004.0,569245.0,24.2,24.2,23.55,23.55,-0.25,17.0
2016-03-18,15004.0,358945.0,23.8,24.0,23.65,23.7,+0.15,11.0
2016-03-21,74004.0,1747495.0,23.7,23.95,23.4,23.6,-0.10,31.0
2016-03-22,78000.0,1854750.0,23.7,24.0,23.6,23.75,+0.15,27.0
2016-03-23,18000.0,427450.0,23.7,23.85,23.7,23.85,+0.10,8.0
2016-03-24,3000.0,71450.0,23.85,23.85,23.75,23.75,-0.10,2.0
2016-03-25,43000.0,1021100.0,23.8,24.0,23.65,23.65,-0.10,29.0
2016-03-28,2000.0,47500.0,23.8,23.8,23.7,23.7,+0.05,2.0
2016-03-29,18000.0,420750.0,23.35,23.4,23.3,23.35,-0.35,12.0
2016-03-30,4000.0,93600.0,23.4,23.4,23.4,23.4,+0.05,3.0
2016-03-31,3000.0,70900.0,23.5,23.75,23.5,23.75,+0.35,3.0
2016-04-01,17100.0,403900.0,23.5,23.8,23.5,23.8,+0.05,15.0
2016-04-06,33000.0,776350.0,23.4,23.6,23.4,23.6,-0.20,13.0
2016-04-07,9000.0,211200.0,23.4,23.5,23.4,23.5,-0.10,7.0
2016-04-08,18000.0,424100.0,23.5,23.7,23.45,23.7,+0.20,10.0
2016-04-11,695000.0,17868100.0,24.55,26.05,24.0,26.05,+2.35,308.0
2016-04-12,226098.0,5758123.0,25.8,25.9,25.2,25.25,-0.80,133.0
2016-04-13,104000.0,2643300.0,25.5,25.8,25.15,25.8,+0.55,66.0
2016-04-14,307090.0,8185843.0,25.8,27.5,25.75,26.9,+1.10,198.0
2016-04-15,96004.0,2543154.0,26.9,26.95,26.2,26.2,-0.70,66.0
2016-04-18,43000.0,1135000.0,26.1,26.5,26.1,26.3,+0.10,29.0
2016-04-19,30100.0,797429.0,26.5,26.6,26.2,26.5,+0.20,23.0
2016-04-20,59000.0,1533250.0,26.1,26.4,25.45,26.3,-0.20,42.0
2016-04-21,35000.0,905550.0,25.65,26.15,25.65,26.05,-0.25,24.0
2016-04-22,67000.0,1748450.0,26.05,26.3,25.85,26.25,+0.20,37.0
2016-04-25,14000.0,363850.0,25.9,26.25,25.7,26.1,-0.15,12.0
2016-04-26,5000.0,130850.0,26.1,26.25,26.1,26.2,+0.10,3.0
2016-04-27,22000.0,570550.0,25.9,26.1,25.8,26.1,-0.10,10.0
2016-04-28,8000.0,207350.0,26.0,26.0,25.85,25.95,-0.15,7.0
2016-04-29,64055.0,1650610.0,25.5,25.95,25.5,25.65,-0.30,30.0
2016-05-03,21000.0,534200.0,25.3,25.7,25.3,25.7,+0.05,12.0
2016-05-04,21000.0,527200.0,25.3,25.4,25.0,25.4,-0.30,13.0
2016-05-05,2001.0,50725.0,25.3,25.4,25.3,25.4, 0.00,3.0
2016-05-06,23000.0,575800.0,25.4,25.4,24.95,25.0,-0.40,15.0
2016-05-09,22000.0,551100.0,25.0,25.5,24.9,24.9,-0.10,14.0
2016-05-10,3000.0,74800.0,24.85,25.1,24.85,25.1,+0.20,3.0
2016-05-11,22000.0,551050.0,25.1,25.1,24.95,25.1, 0.00,5.0
2016-05-12,13200.0,329500.0,25.0,25.0,24.8,24.8,-0.30,8.0
2016-05-13,25000.0,622700.0,25.0,25.2,24.75,24.8, 0.00,15.0
2016-05-16,8002.0,198900.0,24.75,25.0,24.75,25.0,+0.20,7.0
2016-05-17,13100.0,326245.0,25.1,25.1,24.7,24.75,-0.25,9.0
2016-05-18,3000.0,74400.0,24.8,24.8,24.8,24.8,+0.05,3.0
2016-05-19,35000.0,868900.0,24.8,25.1,24.8,24.8, 0.00,13.0
2016-05-20,11000.0,272800.0,24.8,24.8,24.8,24.8, 0.00,8.0
2016-05-23,42000.0,1051350.0,24.8,25.5,24.8,25.0,+0.20,31.0
2016-05-24,8000.0,200550.0,25.2,25.2,24.95,25.0, 0.00,5.0
2016-05-25,24000.0,604100.0,25.15,25.2,25.1,25.15,+0.15,15.0
2016-05-26,6000.0,150700.0,25.2,25.2,25.0,25.0,-0.15,6.0
2016-05-27,20120.0,507754.0,25.1,25.5,25.1,25.2,+0.20,6.0
2016-05-30,11000.0,280850.0,25.5,25.55,25.5,25.55,+0.35,5.0
2016-05-31,13000.0,335050.0,25.9,25.95,25.55,25.6,+0.05,9.0
2016-06-01,43000.0,1124100.0,26.0,26.4,25.75,26.15,+0.55,23.0
2016-06-02,18000.0,463150.0,26.15,26.15,25.5,25.6,-0.55,16.0
2016-06-03,6000.0,153600.0,25.6,25.6,25.6,25.6, 0.00,2.0
2016-06-04,8000.0,203500.0,25.25,25.9,25.25,25.9,+0.30,6.0
2016-06-06,18000.0,457100.0,25.4,25.5,25.35,25.5,-0.40,17.0
2016-06-07,1000.0,26000.0,26.0,26.0,26.0,26.0,+0.50,1.0
2016-06-08,45056.0,1173789.0,26.3,26.3,25.9,25.9,-0.10,23.0
2016-06-13,7000.0,177150.0,25.3,25.35,25.3,25.3,-0.60,5.0
2016-06-14,47000.0,1191150.0,25.35,25.5,25.3,25.3, 0.00,14.0
2016-06-15,50000.0,1267600.0,25.2,26.0,25.0,25.9,+0.60,22.0
2016-06-16,9000.0,230800.0,25.9,25.9,25.5,25.5,-0.40,7.0
2016-06-17,11220.0,291526.0,25.65,26.05,25.65,26.0,+0.50,10.0
2016-06-20,13000.0,337800.0,26.2,26.3,25.8,25.9,-0.10,9.0
2016-06-21,49354.0,1343060.0,26.2,28.1,26.05,26.05,+0.15,25.0
2016-06-22,8000.0,209100.0,26.2,26.3,25.7,26.3,+0.25,8.0
2016-06-23,14000.0,365500.0,26.3,26.3,26.0,26.0,-0.30,9.0
2016-06-24,40084.0,1023104.0,25.75,26.2,25.1,25.4,-0.60,25.0
2016-06-27,54350.0,1422229.0,25.4,26.9,25.35,26.0,+0.60,29.0
2016-06-28,35000.0,906900.0,25.3,26.3,25.3,26.2,+0.20,17.0
2016-06-29,11000.0,287700.0,26.3,26.4,25.8,26.2, 0.00,8.0
2016-06-30,8000.0,209600.0,26.2,26.2,26.2,26.2, 0.00,7.0
2016-07-01,14000.0,367350.0,26.0,26.3,26.0,26.3,+0.10,9.0
2016-07-04,22000.0,578400.0,26.2,26.7,25.85,26.7,+0.40,19.0
2016-07-05,19001.0,498076.0,26.7,26.7,26.0,26.15,-0.55,18.0
2016-07-06,5107.0,133574.0,26.2,26.2,26.1,26.1,-0.05,6.0
2016-07-07,51000.0,1343500.0,26.5,26.7,26.1,26.1, 0.00,23.0
2016-07-11,712030.0,20242511.0,27.15,28.7,26.9,28.7,+2.60,331.0
2016-07-12,296033.0,8480991.0,29.1,29.25,28.0,28.4,-0.30,204.0
2016-07-13,94050.0,2684840.0,28.7,28.8,28.2,28.75,+0.35,62.0
2016-07-14,139124.0,3932422.0,28.75,28.75,28.15,28.2,-0.55,91.0
2016-07-15,95000.0,2609200.0,27.5,27.65,27.35,27.6,X0.00,65.0
2016-07-18,66000.0,1798300.0,27.6,27.6,27.15,27.25,-0.35,50.0
2016-07-19,31001.0,846627.0,27.15,27.4,27.15,27.4,+0.15,20.0
2016-07-20,37000.0,1014050.0,27.25,27.6,27.25,27.6,+0.20,28.0
2016-07-21,80100.0,2220145.0,27.8,27.8,27.6,27.75,+0.15,48.0
2016-07-22,10004.0,275260.0,27.75,27.75,27.4,27.4,-0.35,7.0
2016-07-25,23109.0,633802.0,27.4,27.5,27.4,27.5,+0.10,12.0
2016-07-26,66000.0,1796700.0,27.25,27.5,27.1,27.2,-0.30,35.0
2016-07-27,23000.0,629450.0,27.2,27.4,27.2,27.4,+0.20,15.0
2016-07-28,8000.0,219500.0,27.45,27.65,27.4,27.4, 0.00,4.0
2016-07-29,28001.0,762677.0,27.6,27.6,27.1,27.1,-0.30,21.0
2016-08-01,29100.0,793505.0,27.05,27.3,27.05,27.3,+0.20,19.0
2016-08-02,61120.0,1670930.0,27.15,27.5,27.15,27.5,+0.20,34.0
2016-08-03,88000.0,2439200.0,27.3,28.2,27.3,28.0,+0.50,50.0
2016-08-04,102080.0,2889804.0,27.85,28.75,27.5,28.5,+0.50,61.0
2016-08-05,427050.0,12705982.0,28.8,30.85,28.8,30.45,+1.95,248.0
2016-08-08,296105.0,8620965.0,29.3,29.75,28.7,28.8,-1.65,165.0
2016-08-09,99000.0,2856850.0,29.0,29.2,28.5,28.9,+0.10,57.0
2016-08-10,204151.0,5752412.0,28.55,29.1,27.55,27.7,-1.20,117.0
2016-08-11,62000.0,1714950.0,27.7,28.0,27.5,27.85,+0.15,35.0
2016-08-12,1082311.0,32738164.0,27.9,30.6,27.6,30.6,+2.75,492.0
2016-08-15,1100010.0,35045980.0,31.1,32.7,31.1,32.0,+1.40,643.0
2016-08-16,378408.0,11894269.0,32.5,32.5,30.6,31.5,-0.50,242.0
2016-08-17,155673.0,4818485.0,31.3,31.3,30.7,31.0,-0.50,111.0
2016-08-18,374000.0,11884750.0,31.3,32.45,31.1,31.7,+0.70,215.0
2016-08-19,208673.0,6575444.0,31.8,32.0,31.1,31.1,-0.60,125.0
2016-08-22,154053.0,4717277.0,30.8,31.15,30.4,30.45,-0.65,95.0
2016-08-23,138140.0,4227296.0,30.55,30.8,30.45,30.75,+0.30,62.0
2016-08-24,216200.0,6662299.0,31.0,31.0,30.45,30.55,-0.20,97.0
2016-08-25,77000.0,2376400.0,30.55,31.15,30.45,31.0,+0.45,39.0
2016-08-26,25000.0,767050.0,31.0,31.0,30.6,30.6,-0.40,21.0
2016-08-29,76159.0,2334604.0,31.0,31.0,30.5,30.8,+0.20,42.0
2016-08-30,93226.0,2864883.0,30.8,31.0,30.5,30.6,-0.20,65.0
2016-08-31,79080.0,2422535.0,30.6,30.9,30.5,30.6, 0.00,42.0
2016-09-01,107077.0,3311994.0,30.65,31.5,30.4,31.25,+0.65,66.0
2016-09-02,416000.0,13305250.0,31.45,33.0,30.75,30.9,-0.35,236.0
2016-09-05,281200.0,8902610.0,31.0,32.2,31.0,31.75,+0.85,125.0
2016-09-06,43000.0,1361650.0,31.6,31.8,31.5,31.5,-0.25,32.0
2016-09-07,43000.0,1354650.0,31.4,31.7,31.35,31.55,+0.05,31.0
2016-09-08,342126.0,11051113.0,31.9,32.95,31.9,31.95,+0.40,216.0
2016-09-09,60080.0,1917194.0,31.75,32.1,31.6,32.0,+0.05,46.0
2016-09-10,65000.0,2043800.0,31.7,31.7,31.15,31.65,-0.35,39.0
2016-09-12,148003.0,4609793.0,31.8,31.8,30.85,30.9,-0.75,90.0
2016-09-13,149154.0,4556670.0,31.0,31.1,30.3,30.35,-0.55,106.0
2016-09-14,70000.0,2138950.0,30.3,30.95,30.3,30.65,+0.30,41.0
2016-09-19,46000.0,1414300.0,30.85,30.9,30.65,30.8,+0.15,30.0
2016-09-20,251369.0,8078893.0,31.0,32.85,31.0,32.2,+1.40,153.0
2016-09-21,221283.0,7190240.0,32.2,32.8,32.2,32.5,+0.30,129.0
2016-09-22,59225.0,1900728.0,32.65,32.65,31.9,32.05,-0.45,49.0
2016-09-23,48400.0,1551980.0,32.05,32.35,31.8,32.35,+0.30,25.0
2016-09-26,54000.0,1733700.0,32.4,32.8,31.8,31.85,-0.50,35.0
2016-09-29,78200.0,2499250.0,32.45,32.45,31.6,32.0,+0.15,40.0
2016-09-30,71066.0,2248048.0,31.15,32.3,31.15,31.8,-0.20,53.0
2016-10-03,73200.0,2319429.0,31.7,31.9,31.6,31.6,-0.20,39.0
2016-10-04,365279.0,11985977.0,31.6,33.7,31.6,32.7,+1.10,224.0
2016-10-05,680151.0,23024837.0,32.7,34.7,32.7,33.5,+0.80,424.0
2016-10-06,199050.0,6708720.0,33.8,34.2,33.25,33.6,+0.10,133.0
2016-10-07,110133.0,3703858.0,33.6,33.9,33.3,33.9,+0.30,65.0
2016-10-11,568595.0,17710665.0,33.4,33.5,30.55,30.85,-3.05,363.0
2016-10-12,252165.0,7836989.0,31.0,31.3,30.8,30.85, 0.00,125.0
2016-10-13,98312.0,3034844.0,31.0,31.1,30.75,30.8,-0.05,66.0
2016-10-14,71069.0,2197261.0,31.0,31.25,30.7,30.8, 0.00,52.0
2016-10-17,31000.0,951200.0,30.8,30.9,30.45,30.85,+0.05,25.0
2016-10-18,69133.0,2154995.0,31.0,31.35,30.9,31.25,+0.40,41.0
2016-10-19,67133.0,2087855.0,31.3,31.3,30.9,31.25, 0.00,30.0
2016-10-20,72000.0,2235700.0,31.2,31.25,30.9,31.25, 0.00,36.0
2016-10-21,48059.0,1499929.0,31.5,31.5,30.9,31.0,-0.25,26.0
2016-10-24,52000.0,1599300.0,31.0,31.2,30.6,30.8,-0.20,31.0
2016-10-25,7000.0,216350.0,30.85,31.1,30.85,30.85,+0.05,7.0
2016-10-26,42000.0,1305400.0,31.4,31.4,30.85,30.85, 0.00,29.0
2016-10-27,62056.0,1912263.0,30.75,31.0,30.7,30.8,-0.05,29.0
2016-10-28,104000.0,3199700.0,30.8,30.8,30.6,30.65,-0.15,27.0
2016-10-31,72000.0,2188650.0,30.7,30.7,30.15,30.15,-0.50,54.0
2016-11-01,177000.0,5211500.0,30.15,30.15,29.1,29.5,-0.65,123.0
2016-11-02,72078.0,2096662.0,29.25,29.25,28.95,28.95,-0.55,53.0
2016-11-03,101000.0,2879850.0,28.4,28.85,28.4,28.5,-0.45,62.0
2016-11-04,62100.0,1768165.0,28.45,28.5,28.3,28.4,-0.10,40.0
2016-11-07,22000.0,629250.0,28.5,28.7,28.5,28.7,+0.30,13.0
2016-11-08,140316.0,3897913.0,28.5,28.5,27.4,27.8,-0.90,108.0
2016-11-09,59585.0,1642315.0,27.95,28.3,27.1,27.1,-0.70,49.0
2016-11-10,99092.0,2804526.0,28.65,28.65,28.15,28.2,+1.10,70.0
2016-11-11,114147.0,3200536.0,28.2,28.2,27.9,28.0,-0.20,62.0
2016-11-14,43000.0,1217950.0,28.1,28.4,28.1,28.35,+0.35,25.0
2016-11-15,62000.0,1757200.0,28.45,28.5,28.3,28.3,-0.05,29.0
2016-11-16,53089.0,1507864.0,28.5,28.6,28.35,28.35,+0.05,30.0
2016-11-17,16000.0,454950.0,28.45,28.65,28.35,28.4,+0.05,16.0
2016-11-18,13000.0,370050.0,28.4,28.65,28.4,28.65,+0.25,9.0
2016-11-21,131000.0,3825150.0,28.65,29.6,28.6,29.55,+0.90,64.0
2016-11-22,38000.0,1115500.0,29.2,29.55,29.2,29.3,-0.25,27.0
2016-11-23,99000.0,2875450.0,29.3,29.5,28.9,29.1,-0.20,55.0
2016-11-24,59000.0,1748200.0,29.15,30.1,29.15,29.25,+0.15,49.0
2016-11-25,19093.0,558756.0,29.25,29.3,29.25,29.3,+0.05,11.0
2016-11-28,48000.0,1407400.0,29.3,29.55,29.25,29.3, 0.00,39.0
2016-11-29,29000.0,850050.0,29.3,29.6,29.3,29.3, 0.00,14.0
2016-11-30,16000.0,470150.0,29.5,29.5,29.3,29.35,+0.05,15.0
2016-12-01,35000.0,1027550.0,29.45,29.45,29.25,29.35, 0.00,24.0
2016-12-02,35000.0,1022350.0,29.25,29.25,29.1,29.2,-0.15,19.0
2016-12-05,14000.0,412200.0,29.4,29.5,29.4,29.5,+0.30,9.0
2016-12-06,61000.0,1785500.0,29.5,29.5,29.2,29.2,-0.30,32.0
2016-12-07,118000.0,3535050.0,30.0,30.5,29.4,29.8,+0.60,63.0
2016-12-08,176000.0,5390650.0,30.4,31.0,30.4,30.6,+0.80,116.0
2016-12-09,107000.0,3276550.0,30.65,30.9,30.4,30.4,-0.20,59.0
2016-12-12,74080.0,2263318.0,30.95,30.95,30.25,30.9,+0.50,45.0
2016-12-13,189100.0,5969980.0,30.9,32.2,30.8,31.45,+0.55,121.0
2016-12-14,69027.0,2149785.0,31.45,31.75,30.6,30.9,-0.55,53.0
2016-12-15,83000.0,2543050.0,30.6,30.9,30.55,30.85,-0.05,44.0
2016-12-16,65055.0,2019413.0,30.8,31.5,30.55,31.3,+0.45,45.0
2016-12-19,99007.0,3057866.0,31.3,31.5,30.6,30.6,-0.70,68.0
2016-12-20,47000.0,1439050.0,30.6,30.75,30.5,30.7,+0.10,21.0
2016-12-21,32000.0,983150.0,30.8,30.95,30.45,30.85,+0.15,19.0
2016-12-22,51142.0,1563565.0,30.85,30.85,30.4,30.6,-0.25,29.0
2016-12-23,77000.0,2343800.0,30.25,30.6,30.25,30.4,-0.20,42.0
2016-12-26,32000.0,972800.0,30.4,30.4,30.4,30.4, 0.00,16.0
2016-12-27,63000.0,1915200.0,30.4,30.4,30.4,30.4, 0.00,22.0
2016-12-28,59000.0,1797450.0,30.9,30.9,30.35,30.4, 0.00,33.0
2016-12-29,34050.0,1047527.0,30.65,31.4,30.5,30.55,+0.15,24.0
2016-12-30,35006.0,1069182.0,30.55,30.6,30.4,30.45,-0.10,20.0
2017-01-03,36000.0,1106000.0,30.55,30.95,30.55,30.8,+0.35,27.0
2017-01-04,52049.0,1610973.0,30.8,31.3,30.8,31.1,+0.30,37.0
2017-01-05,85093.0,2624863.0,31.1,31.1,30.65,30.8,-0.30,51.0
2017-01-06,51006.0,1574084.0,30.8,31.1,30.7,30.7,-0.10,37.0
2017-01-09,178000.0,5333800.0,30.1,30.2,29.8,29.9,-0.80,124.0
2017-01-10,26000.0,776900.0,29.9,30.1,29.8,29.8,-0.10,21.0
2017-01-11,82000.0,2430500.0,29.75,30.0,29.45,29.7,-0.10,53.0
2017-01-12,66000.0,1953600.0,29.75,29.75,29.55,29.55,-0.15,46.0
2017-01-13,176006.0,5136026.0,29.55,29.55,29.0,29.2,-0.35,97.0
2017-01-16,17000.0,497750.0,29.2,29.4,29.2,29.3,+0.10,12.0
2017-01-17,55000.0,1620200.0,29.3,29.7,29.3,29.6,+0.30,35.0
2017-01-18,140116.0,4104877.0,29.4,29.4,29.2,29.35,-0.25,59.0
2017-01-19,60000.0,1767450.0,29.35,29.6,29.35,29.4,+0.05,17.0
2017-01-20,80000.0,2361450.0,29.4,29.7,29.4,29.55,+0.15,24.0
2017-01-23,13120.0,390256.0,29.7,30.0,29.6,29.8,+0.25,13.0
2017-01-24,36000.0,1069050.0,29.8,29.8,29.6,29.8, 0.00,14.0
2017-02-02,19000.0,566400.0,29.8,29.95,29.6,29.95,+0.15,16.0
2017-02-03,53000.0,1591800.0,29.9,30.3,29.9,30.05,+0.10,31.0
2017-02-06,61000.0,1839300.0,30.05,30.45,29.9,30.3,+0.25,36.0
2017-02-07,17005.0,513751.0,30.3,30.3,30.1,30.1,-0.20,10.0
2017-02-08,28143.0,844218.0,30.2,30.2,29.95,29.95,-0.15,27.0
2017-02-09,43020.0,1290005.0,30.0,30.1,29.9,30.0,+0.05,26.0
2017-02-10,52000.0,1565450.0,30.1,30.25,30.0,30.25,+0.25,32.0
2017-02-13,25000.0,750600.0,30.1,30.1,29.95,30.0,-0.25,19.0
2017-02-14,67048.0,2026364.0,30.3,30.3,30.1,30.2,+0.20,33.0
2017-02-15,94001.0,2871082.0,30.2,30.65,30.2,30.65,+0.45,60.0
2017-02-16,51000.0,1561300.0,30.7,30.8,30.5,30.65, 0.00,38.0
2017-02-17,128000.0,3990100.0,30.8,31.4,30.7,31.2,+0.55,89.0
2017-02-18,78152.0,2445214.0,31.2,31.45,31.1,31.35,+0.15,57.0
2017-02-20,169435.0,5396104.0,31.5,32.05,31.5,31.6,+0.25,110.0
2017-02-21,66000.0,2067500.0,31.6,31.6,31.05,31.4,-0.20,54.0
2017-02-22,39000.0,1228450.0,31.8,31.8,31.3,31.4, 0.00,25.0
2017-02-23,43000.0,1334450.0,31.15,31.3,30.9,31.1,-0.30,32.0
2017-02-24,20000.0,621100.0,31.1,31.2,30.9,31.2,+0.10,18.0
2017-03-01,52000.0,1606600.0,31.0,31.1,30.6,30.8,-0.40,31.0
2017-03-02,42000.0,1295600.0,30.8,31.15,30.75,30.8, 0.00,26.0
2017-03-03,72000.0,2251300.0,31.0,31.5,31.0,31.3,+0.50,46.0
2017-03-06,99224.0,3125128.0,31.3,32.0,31.25,31.5,+0.20,53.0
2017-03-07,36005.0,1131608.0,31.5,31.5,31.3,31.5, 0.00,21.0
2017-03-08,67000.0,2107400.0,31.7,31.7,31.35,31.35,-0.15,40.0
2017-03-09,40200.0,1267200.0,31.35,31.65,31.35,31.5,+0.15,27.0
2017-03-10,39124.0,1211624.0,31.0,31.4,30.7,31.4,-0.10,27.0
2017-03-13,17129.0,539432.0,31.4,31.65,31.4,31.45,+0.05,14.0
2017-03-14,60000.0,1891200.0,31.75,31.75,31.35,31.5,+0.05,41.0
2017-03-15,57148.0,1796581.0,31.4,31.55,31.3,31.45,-0.05,34.0
2017-03-16,150150.0,4808920.0,31.4,32.6,31.4,32.0,+0.55,119.0
2017-03-17,839300.0,28222020.0,32.0,34.5,32.0,34.1,+2.10,477.0
2017-03-20,541169.0,18569120.0,34.35,34.9,33.4,33.55,-0.55,309.0
2017-03-21,110000.0,3700400.0,34.0,34.0,33.3,33.4,-0.15,71.0
2017-03-22,162129.0,5305469.0,32.6,33.15,32.3,32.75,-0.65,96.0
2017-03-23,102134.0,3341774.0,33.5,33.5,32.35,32.45,-0.30,79.0
2017-03-24,89152.0,2896373.0,32.5,32.95,32.25,32.5,+0.05,63.0
2017-03-27,113152.0,3629612.0,32.95,32.95,31.9,32.0,-0.50,84.0
2017-03-28,209149.0,6663628.0,32.0,32.1,31.5,31.6,-0.40,91.0
2017-03-29,47155.0,1500110.0,31.85,32.0,31.7,31.8,+0.20,27.0
2017-03-30,53120.0,1707107.0,31.9,32.4,31.9,32.1,+0.30,39.0
2017-03-31,65000.0,2075050.0,32.15,32.15,31.85,31.9,-0.20,34.0
2017-04-05,82247.0,2630452.0,31.9,32.25,31.9,31.9, 0.00,56.0
2017-04-06,149189.0,4852851.0,32.4,33.0,32.2,32.25,+0.35,107.0
2017-04-07,64716.0,2086383.0,32.4,32.45,32.05,32.25, 0.00,47.0
2017-04-10,108000.0,3485950.0,32.25,32.5,32.1,32.1,-0.15,60.0
2017-04-11,183400.0,5794239.0,32.0,32.0,31.0,31.8,-0.30,104.0
2017-04-12,36500.0,1155850.0,31.8,31.8,31.4,31.8, 0.00,28.0
2017-04-13,27000.0,859800.0,31.9,32.0,31.75,32.0,+0.20,18.0
2017-04-14,22148.0,700376.0,32.0,32.0,31.5,31.8,-0.20,20.0
2017-04-17,39000.0,1224300.0,31.65,31.7,31.0,31.2,-0.60,29.0
2017-04-18,46003.0,1435993.0,31.2,31.35,31.2,31.2, 0.00,30.0
2017-04-19,28256.0,880573.0,31.2,31.2,31.05,31.05,-0.15,30.0
2017-04-20,42000.0,1313450.0,31.2,31.6,31.0,31.1,+0.05,31.0
2017-04-21,14400.0,449710.0,31.55,31.55,31.1,31.1, 0.00,16.0
2017-04-24,29300.0,909514.0,31.1,31.35,30.9,31.35,+0.25,21.0
2017-04-25,12000.0,378100.0,31.35,31.85,31.25,31.5,+0.15,11.0
2017-04-26,5000.0,157450.0,31.4,31.6,31.4,31.4,-0.10,5.0
2017-04-27,15422.0,481493.0,31.2,31.3,31.1,31.1,-0.30,11.0
2017-04-28,13000.0,406200.0,31.25,31.5,31.2,31.2,+0.10,9.0
2017-05-02,19200.0,599439.0,31.5,31.5,31.05,31.35,+0.15,23.0
2017-05-03,84000.0,2595950.0,31.35,31.35,30.7,30.8,-0.55,48.0
2017-05-04,9003.0,277540.0,30.8,30.95,30.8,30.95,+0.15,10.0
2017-05-05,24029.0,738549.0,30.95,30.95,30.6,30.65,-0.30,23.0
2017-05-08,25000.0,774900.0,31.5,31.5,30.7,31.0,+0.35,16.0
2017-05-09,59200.0,1793370.0,31.0,31.0,30.1,30.25,-0.75,41.0
2017-05-10,8000.0,244550.0,30.35,30.7,30.35,30.7,+0.45,7.0
2017-05-11,5000.0,154100.0,30.8,30.9,30.8,30.8,+0.10,5.0
2017-05-12,28080.0,871518.0,30.75,31.5,30.6,31.5,+0.70,21.0
2017-05-15,163000.0,5210600.0,32.35,32.35,31.6,31.8,+0.30,84.0
2017-05-16,59000.0,1870100.0,31.8,31.8,31.6,31.8, 0.00,27.0
2017-05-17,90000.0,2882800.0,32.0,32.15,31.85,31.95,+0.15,49.0
2017-05-18,30049.0,946941.0,31.9,31.9,31.4,31.45,-0.50,22.0
2017-05-19,124000.0,3964300.0,31.8,32.15,31.6,31.95,+0.50,51.0
2017-05-22,105251.0,3379482.0,32.0,32.3,32.0,32.0,+0.05,59.0
2017-05-23,77000.0,2434250.0,32.05,32.05,31.45,31.85,-0.15,55.0
2017-05-24,28001.0,891885.0,31.75,31.95,31.75,31.8,-0.05,21.0
2017-05-25,128000.0,4106300.0,31.8,32.6,31.75,32.0,+0.20,64.0
2017-05-26,125201.0,4033462.0,32.1,32.45,32.05,32.2,+0.20,58.0
2017-05-31,33000.0,1064600.0,32.3,32.45,32.2,32.2, 0.00,22.0
2017-06-01,34150.0,1094465.0,31.6,32.55,31.6,31.95,-0.25,24.0
2017-06-02,34000.0,1088300.0,32.0,32.15,31.9,32.0,+0.05,21.0
2017-06-03,60000.0,1947850.0,32.0,32.8,32.0,32.5,+0.50,50.0
2017-06-05,46000.0,1496250.0,32.8,32.8,32.3,32.45,-0.05,34.0
2017-06-06,24000.0,778250.0,32.5,32.5,32.3,32.3,-0.15,13.0
2017-06-07,52000.0,1670800.0,32.2,32.3,32.0,32.05,-0.25,30.0
2017-06-08,17100.0,547720.0,32.0,32.2,32.0,32.2,+0.15,11.0
2017-06-09,63200.0,2031920.0,32.3,32.4,32.0,32.0,-0.20,36.0
2017-06-12,26300.0,835158.0,31.65,31.9,31.65,31.85,-0.15,29.0
2017-06-13,40000.0,1279400.0,31.9,32.1,31.9,31.95,+0.10,25.0
2017-06-14,52200.0,1660010.0,31.9,31.95,31.65,31.95, 0.00,31.0
2017-06-15,31000.0,984750.0,31.8,31.95,31.7,31.95, 0.00,12.0
2017-06-16,61000.0,1935350.0,31.65,32.1,31.55,32.1,+0.15,34.0
2017-06-19,28009.0,896186.0,32.1,32.1,31.95,32.05,-0.05,21.0
2017-06-20,26000.0,836700.0,32.2,32.35,32.0,32.0,-0.05,18.0
2017-06-21,17000.0,544400.0,32.0,32.2,31.9,32.1,+0.10,11.0
2017-06-22,14000.0,447100.0,32.1,32.1,31.8,31.85,-0.25,11.0
2017-06-23,30000.0,960400.0,32.0,32.1,31.95,32.0,+0.15,17.0
2017-06-26,43000.0,1377300.0,32.05,32.1,32.0,32.1,+0.10,24.0
2017-06-27,53000.0,1704800.0,32.1,32.35,32.0,32.35,+0.25,23.0
2017-06-28,62239.0,2008245.0,32.35,32.45,32.2,32.4,+0.05,28.0
2017-06-29,9000.0,290950.0,32.4,32.4,32.25,32.3,-0.10,7.0
2017-06-30,16000.0,514800.0,32.1,32.2,32.1,32.15,-0.15,13.0
2017-07-03,55100.0,1763350.0,32.3,32.3,31.95,32.2,+0.05,32.0
2017-07-04,14000.0,448850.0,32.05,32.25,32.0,32.0,-0.20,13.0
2017-07-05,181100.0,5936400.0,32.1,33.4,32.05,33.2,+1.20,87.0
2017-07-06,63000.0,2082950.0,33.3,33.4,32.75,32.75,-0.45,39.0
2017-07-07,84000.0,2738000.0,32.75,32.75,32.5,32.55,-0.20,54.0
2017-07-10,100300.0,3123100.0,31.1,31.45,30.95,31.2,X0.00,62.0
2017-07-11,34000.0,1060450.0,31.2,31.3,31.1,31.1,-0.10,27.0
2017-07-12,39000.0,1210100.0,31.15,31.15,31.0,31.15,+0.05,24.0
2017-07-13,25000.0,778050.0,31.05,31.2,31.05,31.1,-0.05,21.0
2017-07-14,25000.0,777300.0,31.2,31.4,31.0,31.4,+0.30,21.0
2017-07-17,23000.0,714550.0,31.2,31.2,31.05,31.05,-0.35,15.0
2017-07-18,14000.0,436300.0,31.2,31.2,31.1,31.2,+0.15,9.0
2017-07-19,41200.0,1283640.0,31.2,31.8,31.1,31.2, 0.00,20.0
2017-07-20,24000.0,748600.0,31.25,31.25,31.1,31.15,-0.05,16.0
2017-07-21,102000.0,3247500.0,31.4,32.0,31.4,32.0,+0.85,70.0
2017-07-24,22000.0,697750.0,31.65,31.95,31.5,31.7,-0.30,18.0
2017-07-25,5000.0,159250.0,32.0,32.0,31.75,31.75,+0.05,5.0
2017-07-26,18000.0,571900.0,31.85,31.9,31.7,31.7,-0.05,13.0
2017-07-27,37000.0,1172850.0,31.8,31.8,31.65,31.7, 0.00,17.0
2017-07-28,15000.0,475200.0,31.8,31.8,31.65,31.65,-0.05,14.0
2017-07-31,30000.0,947650.0,31.8,31.9,31.3,31.75,+0.10,21.0
2017-08-01,10100.0,320965.0,31.75,31.85,31.7,31.85,+0.10,9.0
2017-08-02,36000.0,1148300.0,31.9,31.95,31.75,31.95,+0.10,24.0
2017-08-03,41088.0,1311424.0,31.8,32.0,31.65,31.8,-0.15,22.0
2017-08-04,20000.0,638650.0,32.0,32.1,31.85,32.05,+0.25,19.0
2017-08-07,329300.0,11050849.0,32.3,34.05,32.25,33.7,+1.65,167.0
2017-08-08,177000.0,5940150.0,33.75,33.8,33.2,33.7, 0.00,71.0
2017-08-09,72133.0,2408502.0,33.4,33.5,33.35,33.35,-0.35,51.0
2017-08-10,100000.0,3318800.0,33.4,33.7,32.6,32.6,-0.75,60.0
2017-08-11,34990.0,1151120.0,32.6,33.2,32.55,33.2,+0.60,26.0
2017-08-14,588290.0,20400500.0,35.5,35.5,34.1,34.35,+1.15,263.0
2017-08-15,631000.0,21855350.0,34.4,35.25,34.2,34.9,+0.55,291.0
2017-08-16,782185.0,28233851.0,35.2,36.8,35.1,36.5,+1.60,403.0
2017-08-17,480000.0,17513000.0,36.5,37.0,35.95,36.2,-0.30,266.0
2017-08-18,331304.0,12042496.0,36.2,36.7,35.85,36.45,+0.25,164.0
2017-08-21,136001.0,4915489.0,36.6,36.8,35.5,36.45, 0.00,95.0
2017-08-22,230070.0,8248313.0,36.4,36.4,35.55,35.6,-0.85,122.0
2017-08-23,176000.0,6282250.0,36.2,36.2,35.55,35.7,+0.10,95.0
2017-08-24,213000.0,7502100.0,35.85,35.85,35.05,35.25,-0.45,119.0
2017-08-25,224435.0,7999265.0,36.0,36.2,35.3,36.15,+0.90,134.0
2017-08-28,637384.0,23865770.0,36.55,38.2,36.5,37.9,+1.75,391.0
2017-08-29,296000.0,11303800.0,38.0,38.5,37.7,37.9, 0.00,177.0
2017-08-30,188000.0,7038800.0,37.9,38.1,37.15,37.25,-0.65,117.0
2017-08-31,211081.0,7803422.0,37.5,37.5,36.85,36.9,-0.35,114.0
2017-09-01,83017.0,3081687.0,36.85,37.6,36.85,37.45,+0.55,49.0
2017-09-04,217000.0,8191050.0,37.7,38.3,37.35,37.7,+0.25,106.0
2017-09-05,143000.0,5457050.0,37.75,38.5,37.7,38.3,+0.60,73.0
2017-09-06,114147.0,4320989.0,38.3,38.3,37.55,37.9,-0.40,73.0
2017-09-07,129150.0,4891050.0,37.9,38.1,37.65,37.7,-0.20,81.0
2017-09-08,490251.0,19050901.0,38.3,39.3,38.3,39.1,+1.40,274.0
2017-09-11,743270.0,30120198.0,39.35,42.8,39.2,42.0,+2.90,442.0
2017-09-12,301000.0,12480500.0,42.0,42.0,40.85,41.05,-0.95,199.0
2017-09-13,201190.0,8140200.0,41.05,41.05,40.25,40.25,-0.80,127.0
2017-09-14,163120.0,6602597.0,40.25,40.75,40.2,40.65,+0.40,73.0
2017-09-15,294300.0,12267719.0,41.2,41.9,41.1,41.85,+1.20,187.0
2017-09-18,469341.0,20176763.0,41.85,43.7,41.6,43.3,+1.45,287.0
2017-09-19,430000.0,18889850.0,43.4,44.8,42.8,42.9,-0.40,302.0
2017-09-20,183300.0,7823374.0,42.9,43.5,42.15,42.5,-0.40,135.0
2017-09-21,182059.0,7723447.0,42.5,42.7,42.25,42.45,-0.05,106.0
2017-09-22,164181.0,6943183.0,42.9,42.95,41.85,42.15,-0.30,114.0
2017-09-25,431205.0,17559090.0,42.2,42.2,39.7,40.2,-1.95,246.0
2017-09-26,326071.0,12962889.0,40.2,40.3,39.3,39.3,-0.90,192.0
2017-09-27,256080.0,10408788.0,39.7,41.4,39.6,41.0,+1.70,157.0
2017-09-28,219183.0,8926093.0,41.2,41.2,40.4,40.6,-0.40,97.0
2017-09-29,188080.0,7552811.0,40.5,40.6,39.9,40.05,-0.55,88.0
2017-09-30,69000.0,2808700.0,40.35,41.1,40.35,40.9,+0.85,54.0
2017-10-02,173025.0,7204496.0,41.5,42.2,40.9,41.5,+0.60,122.0
2017-10-03,581276.0,25167501.0,41.6,44.9,41.6,44.9,+3.40,385.0
2017-10-05,754332.0,34090524.0,45.8,46.2,44.25,44.5,-0.40,483.0
2017-10-06,1037002.0,48521941.0,44.5,48.3,44.5,47.9,+3.40,754.0
2017-10-11,790279.0,36594816.0,46.15,47.15,45.5,46.05,-1.85,522.0
2017-10-12,285000.0,13104450.0,46.05,47.3,45.5,45.7,-0.35,188.0
2017-10-13,829261.0,39867267.0,46.2,49.45,46.2,49.05,+3.35,593.0
2017-10-16,1013535.0,50944615.0,49.5,51.3,49.3,49.3,+0.25,756.0
2017-10-17,488318.0,23890814.0,49.3,50.2,47.6,48.2,-1.10,327.0
2017-10-18,354104.0,17311761.0,48.8,49.6,48.2,48.2, 0.00,259.0
2017-10-19,212300.0,10304235.0,48.8,49.05,48.2,48.2, 0.00,171.0
2017-10-20,149220.0,7184653.0,48.05,48.45,47.5,48.2, 0.00,114.0
2017-10-23,135000.0,6506500.0,48.35,48.8,47.7,47.75,-0.45,104.0
2017-10-24,167000.0,7996100.0,48.4,48.4,47.3,47.5,-0.25,119.0
2017-10-25,236000.0,11173550.0,47.8,48.2,46.8,46.85,-0.65,170.0
2017-10-26,118000.0,5552300.0,46.7,47.7,46.1,47.5,+0.65,94.0
2017-10-27,121000.0,5766900.0,47.95,48.0,47.1,47.3,-0.20,103.0
2017-10-30,96065.0,4549043.0,47.1,47.9,47.0,47.15,-0.15,66.0
2017-10-31,286520.0,13817714.0,47.2,49.4,47.2,48.45,+1.30,194.0
2017-11-01,196015.0,9619840.0,49.0,49.3,48.65,48.9,+0.45,127.0
2017-11-02,1254326.0,63818316.0,48.5,51.9,48.3,51.4,+2.50,877.0
2017-11-03,632000.0,32563300.0,51.7,52.5,50.6,51.1,-0.30,421.0
2017-11-06,160200.0,8039610.0,51.2,51.2,49.8,50.1,-1.00,120.0
2017-11-07,146000.0,7387900.0,51.5,51.5,50.1,50.1, 0.00,116.0
2017-11-08,277000.0,14175000.0,50.9,52.3,49.0,50.9,+0.80,198.0
2017-11-09,526050.0,27665450.0,51.9,53.8,51.4,52.5,+1.60,387.0
2017-11-10,278000.0,14439700.0,52.5,52.9,51.4,51.9,-0.60,183.0
2017-11-13,153100.0,7976030.0,52.2,53.0,51.3,51.8,-0.10,100.0
2017-11-14,89157.0,4651879.0,52.0,52.6,51.8,52.4,+0.60,74.0
2017-11-15,732325.0,39935514.0,52.3,55.9,52.3,54.2,+1.80,562.0
2017-11-16,417675.0,23349175.0,54.2,56.6,54.2,56.5,+2.30,361.0
2017-11-17,813418.0,47640802.0,57.0,59.8,57.0,58.6,+2.10,633.0
2017-11-20,1744534.0,109693489.0,59.2,64.4,59.2,64.4,+5.80,997.0
2017-11-21,1375129.0,88889456.0,65.3,66.7,62.7,63.5,-0.90,1021.0
2017-11-22,819600.0,50825199.0,63.5,64.1,60.5,60.9,-2.60,566.0
2017-11-23,608400.0,37820060.0,61.6,63.9,60.5,61.4,+0.50,453.0
2017-11-24,310000.0,18771100.0,62.0,62.0,60.0,60.2,-1.20,204.0
2017-11-27,358100.0,21317559.0,60.7,60.7,58.9,59.1,-1.10,249.0
2017-11-28,237032.0,13873704.0,59.2,59.2,58.1,59.0,-0.10,156.0
2017-11-29,408160.0,24493332.0,59.8,61.3,59.1,59.7,+0.70,274.0
2017-11-30,177020.0,10564010.0,59.8,60.7,59.0,59.5,-0.20,132.0
2017-12-01,303060.0,17664118.0,59.6,59.6,57.0,59.3,-0.20,207.0
2017-12-04,180000.0,10556000.0,58.5,59.5,58.1,59.5,+0.20,116.0
2017-12-05,532600.0,32344699.0,59.5,62.2,59.0,59.9,+0.40,395.0
2017-12-06,248050.0,14583650.0,59.9,59.9,57.5,58.5,-1.40,184.0
2017-12-07,181000.0,10502600.0,58.5,58.8,57.1,57.1,-1.40,126.0
2017-12-08,371537.0,20556972.0,57.1,57.4,54.4,55.5,-1.60,317.0
2017-12-11,193140.0,11028680.0,56.5,57.8,56.0,57.3,+1.80,152.0
2017-12-12,119072.0,6729346.0,57.3,57.3,55.7,56.1,-1.20,93.0
2017-12-13,77000.0,4351900.0,56.1,57.3,56.1,56.3,+0.20,65.0
2017-12-14,118000.0,6700400.0,56.3,57.4,56.3,56.3, 0.00,87.0
2017-12-15,107200.0,5937339.0,56.3,56.3,55.0,55.2,-1.10,78.0
2017-12-18,113001.0,6249355.0,56.2,56.2,55.0,55.2, 0.00,64.0
2017-12-19,65040.0,3605512.0,55.0,55.7,55.0,55.3,+0.10,43.0
2017-12-20,71044.0,3944975.0,55.0,56.0,55.0,55.5,+0.20,61.0
2017-12-21,72110.0,3987771.0,55.5,55.9,54.9,55.0,-0.50,63.0
2017-12-22,57000.0,3145700.0,55.0,55.6,54.5,55.5,+0.50,45.0
2017-12-25,133000.0,7466800.0,55.7,57.0,55.3,56.4,+0.90,116.0
2017-12-26,278000.0,16074700.0,56.9,58.5,56.6,58.3,+1.90,230.0
2017-12-27,255010.0,14947581.0,59.5,59.7,57.2,58.1,-0.20,209.0
2017-12-28,175076.0,10214855.0,58.0,59.3,57.6,58.5,+0.40,132.0
2017-12-29,158000.0,9319300.0,59.1,59.3,58.6,59.0,+0.50,112.0
2018-01-02,85001.0,5043959.0,59.3,60.2,58.8,59.9,+0.90,69.0
2018-01-03,337006.0,20572972.0,60.0,62.4,59.8,61.3,+1.40,258.0
2018-01-04,219100.0,13450770.0,61.0,62.3,60.4,60.6,-0.70,174.0
2018-01-05,246100.0,14576200.0,60.1,60.3,58.5,58.7,-1.90,192.0
2018-01-08,118040.0,6879023.0,58.6,58.7,58.0,58.1,-0.60,99.0
2018-01-09,85001.0,4974660.0,58.0,59.5,57.9,59.0,+0.90,66.0
2018-01-10,70000.0,4132600.0,59.2,59.3,58.4,58.9,-0.10,70.0
2018-01-11,89000.0,5252000.0,59.0,59.2,58.7,59.0,+0.10,58.0
2018-01-12,57100.0,3385900.0,59.0,59.6,59.0,59.0, 0.00,49.0
2018-01-15,80000.0,4733200.0,59.0,59.9,58.8,58.8,-0.20,55.0
2018-01-16,75000.0,4406500.0,58.7,59.3,58.5,58.6,-0.20,57.0
2018-01-17,79000.0,4632000.0,58.4,59.2,58.3,58.7,+0.10,75.0
2018-01-18,75039.0,4408069.0,58.8,59.1,58.4,58.4,-0.30,62.0
2018-01-19,72050.0,4180359.0,58.5,58.5,57.5,57.5,-0.90,49.0
2018-01-22,100000.0,5705900.0,57.3,57.5,56.5,57.5, 0.00,81.0
2018-01-23,62100.0,3548170.0,57.4,57.5,56.8,57.0,-0.50,49.0
2018-01-24,48014.0,2738405.0,57.0,57.8,56.4,57.8,+0.80,45.0
2018-01-25,77500.0,4460500.0,57.8,57.9,57.1,57.1,-0.70,55.0
2018-01-26,74039.0,4234230.0,57.4,57.7,56.7,57.5,+0.40,50.0
2018-01-29,54020.0,3095249.0,57.5,57.6,57.0,57.6,+0.10,43.0
2018-01-30,36159.0,2055782.0,56.6,57.6,56.6,56.8,-0.80,39.0
2018-01-31,69000.0,3894100.0,57.0,57.0,56.0,56.5,-0.30,53.0
2018-02-01,69024.0,3872340.0,56.3,56.5,56.0,56.2,-0.30,54.0
2018-02-02,54250.0,3008299.0,56.0,56.0,55.0,55.1,-1.10,52.0
2018-02-05,121000.0,6473400.0,54.0,54.0,53.1,53.1,-2.00,84.0
2018-02-06,340090.0,16679426.0,50.2,51.0,47.8,48.4,-4.70,232.0
2018-02-07,186518.0,9494053.0,50.5,51.6,50.4,50.6,+2.20,124.0
2018-02-08,68560.0,3497935.0,50.8,51.6,50.6,50.9,+0.30,53.0
2018-02-09,82000.0,4144350.0,48.6,51.3,48.6,51.0,+0.10,52.0
2018-02-12,112050.0,5640100.0,50.7,51.0,49.8,49.95,-1.05,87.0
2018-02-21,83020.0,4212022.0,50.5,51.0,50.4,50.9,+0.95,60.0
2018-02-22,67000.0,3391200.0,50.9,51.0,50.2,50.8,-0.10,46.0
2018-02-23,144010.0,7609540.0,54.2,54.2,52.3,52.3,+1.50,122.0
2018-02-26,82000.0,4273400.0,52.5,52.5,51.3,51.8,-0.50,61.0
2018-02-27,103060.0,5294902.0,52.3,52.3,51.0,51.0,-0.80,69.0
2018-03-01,47000.0,2414000.0,51.0,51.9,50.5,51.5,+0.50,40.0
2018-03-02,33000.0,1682600.0,51.0,51.5,50.5,51.0,-0.50,29.0
2018-03-05,101035.0,5137671.0,51.0,51.5,50.4,50.6,-0.40,82.0
2018-03-06,143280.0,7384672.0,51.0,52.4,50.7,52.4,+1.80,103.0
2018-03-07,67266.0,3500058.0,52.3,52.4,51.4,52.4, 0.00,57.0
2018-03-08,493000.0,27011200.0,52.4,56.3,52.4,55.5,+3.10,302.0
2018-03-09,192000.0,10764000.0,56.0,57.0,54.6,55.3,-0.20,141.0
2018-03-12,134020.0,7435306.0,56.2,56.3,54.8,54.8,-0.50,95.0
2018-03-13,87000.0,4801700.0,54.5,56.0,54.5,54.8, 0.00,79.0
2018-03-14,51000.0,2805900.0,54.9,55.3,54.8,55.0,+0.20,42.0
2018-03-15,21000.0,1155900.0,55.1,55.3,54.8,55.0, 0.00,19.0
2018-03-16,147000.0,8163100.0,55.0,55.9,55.0,55.8,+0.80,94.0
2018-03-19,103125.0,5674487.0,55.8,55.8,54.5,54.6,-1.20,81.0
2018-03-20,50300.0,2719940.0,54.0,54.8,53.5,54.8,+0.20,42.0
2018-03-21,70000.0,3809700.0,55.0,55.0,54.0,54.1,-0.70,51.0
2018-03-22,111000.0,5966700.0,54.0,54.5,53.2,53.7,-0.40,84.0
2018-03-23,105000.0,5520700.0,52.2,53.1,52.2,53.0,-0.70,84.0
2018-03-26,48030.0,2536390.0,52.3,53.3,52.3,52.5,-0.50,40.0
2018-03-27,66020.0,3473458.0,52.9,53.1,52.3,52.4,-0.10,63.0
2018-03-28,81071.0,4204148.0,52.3,52.7,51.3,51.5,-0.90,61.0
2018-03-29,33000.0,1714700.0,51.5,52.2,51.5,52.0,+0.50,31.0
2018-03-30,62000.0,3220100.0,52.9,52.9,51.5,52.2,+0.20,45.0
2018-03-31,33000.0,1734500.0,52.2,52.9,52.1,52.9,+0.70,28.0
2018-04-02,35000.0,1844800.0,53.3,53.3,52.5,52.8,-0.10,31.0
2018-04-03,69050.0,3611045.0,52.3,52.6,51.9,52.6,-0.20,48.0
2018-04-09,82103.0,4371069.0,53.0,53.4,52.7,53.4,+0.80,60.0
2018-04-10,69000.0,3622700.0,53.3,53.3,52.0,52.1,-1.30,45.0
2018-04-11,97000.0,5022400.0,52.4,52.4,51.4,51.6,-0.50,61.0
2018-04-12,42000.0,2155900.0,51.6,51.6,51.1,51.1,-0.50,35.0
2018-04-13,62193.0,3227174.0,51.8,52.2,51.3,52.2,+1.10,49.0
2018-04-16,38025.0,1968700.0,51.7,52.0,51.5,51.5,-0.70,27.0
2018-04-17,119060.0,6078530.0,51.4,51.5,50.7,50.8,-0.70,88.0
2018-04-18,43000.0,2183000.0,50.9,51.0,50.3,50.9,+0.10,32.0
2018-04-19,46000.0,2331000.0,50.5,50.9,50.5,50.5,-0.40,41.0
2018-04-20,27045.0,1367863.0,50.5,50.7,50.5,50.6,+0.10,24.0
2018-04-23,55000.0,2762500.0,50.5,50.5,50.0,50.4,-0.20,43.0
2018-04-24,51240.0,2540632.0,50.0,50.0,48.8,49.6,-0.80,39.0
2018-04-25,58000.0,2855850.0,48.2,49.6,48.2,49.6, 0.00,37.0
2018-04-26,18317.0,904600.0,49.9,49.9,49.0,49.3,-0.30,17.0
2018-04-27,104000.0,5094900.0,48.6,49.5,48.6,48.95,-0.35,68.0
2018-04-30,56100.0,2747340.0,48.95,49.15,48.8,49.15,+0.20,38.0
2018-05-02,26001.0,1276453.0,49.8,49.8,48.9,49.3,+0.15,23.0
2018-05-03,28024.0,1368922.0,49.1,49.3,48.65,48.8,-0.50,27.0
2018-05-04,41000.0,2006400.0,48.8,49.15,48.7,49.1,+0.30,31.0
2018-05-07,99000.0,5086400.0,51.8,51.8,50.7,51.5,+2.40,82.0
2018-05-08,73005.0,3771365.0,51.6,52.0,51.0,51.9,+0.40,62.0
2018-05-09,40020.0,2087820.0,51.5,52.8,51.5,51.9, 0.00,36.0
2018-05-10,66000.0,3477500.0,52.6,53.0,52.3,52.3,+0.40,46.0
2018-05-11,87000.0,4651100.0,53.0,54.5,52.5,53.4,+1.10,65.0
2018-05-14,24025.0,1285672.0,54.1,54.1,52.8,53.3,-0.10,23.0
2018-05-15,92000.0,4816900.0,53.3,53.3,51.9,51.9,-1.40,73.0
2018-05-16,55000.0,2839200.0,51.5,51.8,51.4,51.6,-0.30,35.0
2018-05-17,29000.0,1507200.0,52.0,52.1,51.9,52.0,+0.40,23.0
2018-05-18,67000.0,3524600.0,52.2,53.2,52.2,52.4,+0.40,49.0
2018-05-21,44000.0,2296600.0,52.6,53.1,51.5,52.4, 0.00,38.0
2018-05-22,36000.0,1875900.0,52.3,52.7,51.8,51.9,-0.50,30.0
2018-05-23,52000.0,2685100.0,52.0,52.0,51.5,51.8,-0.10,33.0
2018-05-24,55001.0,2825550.0,51.8,51.8,51.2,51.2,-0.60,46.0
2018-05-25,73025.0,3720021.0,51.3,51.3,50.8,51.0,-0.20,57.0
2018-05-28,45000.0,2300000.0,51.6,51.6,51.0,51.3,+0.30,21.0
2018-05-29,46200.0,2374300.0,51.3,51.7,51.1,51.4,+0.10,34.0
2018-05-30,41033.0,2098899.0,51.4,51.7,50.9,51.7,+0.30,25.0
2018-05-31,36000.0,1884300.0,52.2,52.7,52.0,52.5,+0.80,28.0
2018-06-01,13000.0,684800.0,52.5,53.0,52.5,52.5, 0.00,12.0
2018-06-04,28005.0,1475665.0,52.6,53.2,52.5,52.5, 0.00,24.0
2018-06-05,59717.0,3117970.0,52.5,52.5,52.0,52.1,-0.40,38.0
2018-06-06,20086.0,1049140.0,52.6,52.7,52.0,52.3,+0.20,22.0
2018-06-07,44000.0,2288300.0,52.1,52.4,51.8,51.8,-0.50,40.0
2018-06-08,60000.0,3088600.0,51.6,51.6,51.3,51.6,-0.20,35.0
2018-06-11,62000.0,3205000.0,51.3,52.2,51.2,52.0,+0.40,44.0
2018-06-12,8000.0,416000.0,52.0,52.5,51.8,52.0, 0.00,8.0
2018-06-13,34250.0,1775875.0,52.3,52.3,51.6,52.0, 0.00,25.0
2018-06-14,22069.0,1150214.0,52.0,52.3,52.0,52.0, 0.00,18.0
2018-06-15,31055.0,1612682.0,52.0,52.2,51.6,51.7,-0.30,25.0
2018-06-19,25050.0,1297025.0,51.8,52.0,51.4,51.9,+0.20,20.0
2018-06-20,489000.0,25474800.0,52.0,53.0,52.0,52.2,+0.30,82.0
2018-06-21,435000.0,22710000.0,52.2,52.5,52.0,52.5,+0.30,27.0
2018-06-22,96050.0,5023775.0,52.3,52.5,52.0,52.1,-0.40,40.0
2018-06-25,37025.0,1922672.0,52.2,52.2,51.7,52.0,-0.10,29.0
2018-06-26,86095.0,4460139.0,51.7,52.6,51.4,52.6,+0.60,35.0
2018-06-27,12080.0,634340.0,52.6,52.6,52.4,52.5,-0.10,11.0
2018-06-28,129344.0,6887276.0,52.5,53.7,52.4,53.7,+1.20,100.0
2018-06-29,398421.0,22167799.0,53.8,56.6,53.8,56.6,+2.90,305.0
2018-07-02,379165.0,21609537.0,57.0,58.6,55.6,55.8,-0.80,267.0
2018-07-03,129000.0,6796700.0,53.8,53.8,51.9,51.9,X0.00,100.0
2018-07-04,52081.0,2696493.0,51.5,52.3,51.4,51.7,-0.20,52.0
2018-07-05,99080.0,5011820.0,51.7,51.7,50.0,50.1,-1.60,83.0
2018-07-06,148150.0,7255750.0,49.5,49.8,48.65,49.1,-1.00,116.0
2018-07-09,102200.0,4971750.0,49.1,49.1,48.3,49.0,-0.10,78.0
2018-07-10,11370.0,560065.0,49.1,49.4,49.0,49.3,+0.30,13.0
2018-07-11,18100.0,887050.0,48.9,49.1,48.7,49.0,-0.30,16.0
2018-07-12,81350.0,3968700.0,49.2,49.4,48.5,48.7,-0.30,54.0
2018-07-13,149350.0,7199632.0,48.55,48.65,47.9,48.0,-0.70,119.0
2018-07-16,100470.0,4910880.0,49.6,49.7,48.2,48.3,+0.30,81.0
2018-07-17,129000.0,6210000.0,48.3,48.7,47.75,48.7,+0.40,80.0
2018-07-18,80000.0,3869850.0,48.65,48.65,48.1,48.3,-0.40,55.0
2018-07-19,31000.0,1494950.0,48.3,48.3,48.1,48.15,-0.15,30.0
2018-07-20,70000.0,3395450.0,49.0,49.0,48.25,48.3,+0.15,54.0
2018-07-23,15068.0,733643.0,48.8,48.8,48.45,48.6,+0.30,16.0
2018-07-24,52000.0,2555900.0,48.8,49.5,48.5,49.35,+0.75,45.0
2018-07-25,78116.0,3908516.0,49.5,50.5,49.5,50.0,+0.65,52.0
2018-07-26,72440.0,3615488.0,50.0,50.2,49.7,49.8,-0.20,55.0
2018-07-27,45000.0,2239600.0,49.8,49.9,49.7,49.7,-0.10,36.0
2018-07-30,58250.0,2856974.0,49.6,49.6,48.35,48.75,-0.95,57.0
2018-07-31,29250.0,1428375.0,49.05,49.1,48.6,48.6,-0.15,29.0
2018-08-01,18000.0,886850.0,48.75,49.5,48.65,49.3,+0.70,16.0
2018-08-02,64022.0,3195405.0,49.65,50.6,49.35,49.95,+0.65,45.0
2018-08-03,29303.0,1453100.0,49.8,49.8,49.35,49.65,-0.30,26.0
2018-08-06,22026.0,1108018.0,50.2,50.5,50.0,50.4,+0.75,21.0
2018-08-07,105095.0,5410821.0,50.4,52.0,50.4,51.3,+0.90,94.0
2018-08-08,46377.0,2403316.0,51.9,52.1,51.1,52.0,+0.70,36.0
2018-08-09,59300.0,3090590.0,52.0,52.7,51.8,52.1,+0.10,45.0
2018-08-10,70027.0,3631106.0,52.3,52.4,51.6,51.6,-0.50,47.0
2018-08-13,94103.0,4776514.0,51.2,51.5,50.1,50.9,-0.70,84.0
2018-08-14,18000.0,919000.0,51.0,51.4,50.9,50.9, 0.00,10.0
2018-08-15,23327.0,1184411.0,51.0,51.0,50.6,50.6,-0.30,20.0
2018-08-16,40000.0,2019000.0,51.1,51.1,50.2,50.3,-0.30,23.0
2018-08-17,22000.0,1110400.0,50.7,50.8,50.2,50.3, 0.00,20.0
2018-08-20,60000.0,3083700.0,51.2,51.7,51.0,51.1,+0.80,55.0
2018-08-21,33000.0,1689500.0,51.2,51.8,50.7,51.3,+0.20,26.0
2018-08-22,6000.0,308300.0,51.7,51.7,51.3,51.4,+0.10,5.0
2018-08-23,30000.0,1539200.0,51.4,51.6,50.8,50.9,-0.50,25.0
2018-08-24,36000.0,1819500.0,50.6,51.2,50.4,50.9, 0.00,30.0
2018-08-27,23000.0,1174600.0,50.9,51.5,50.8,51.2,+0.30,18.0
2018-08-28,5000.0,255200.0,51.3,51.3,50.9,50.9,-0.30,5.0
2018-08-29,92200.0,4724059.0,51.0,51.4,50.8,51.0,+0.10,27.0
2018-08-30,46125.0,2351387.0,51.0,51.0,50.7,50.8,-0.20,15.0
2018-08-31,36300.0,1835919.0,50.8,50.8,50.5,50.7,-0.10,26.0
2018-09-03,18000.0,904400.0,50.8,50.8,50.1,50.2,-0.50,18.0
2018-09-04,34026.0,1707348.0,50.2,50.5,49.8,49.9,-0.30,28.0
2018-09-05,31000.0,1548900.0,49.9,50.3,49.8,50.0,+0.10,23.0
2018-09-06,95000.0,4680200.0,49.8,49.8,48.8,49.0,-1.00,72.0
2018-09-07,159000.0,7694200.0,49.0,49.0,47.8,48.0,-1.00,107.0
2018-09-10,102800.0,4776488.0,47.6,47.6,46.0,46.05,-1.95,83.0
2018-09-11,25000.0,1182550.0,47.05,47.5,47.0,47.45,+1.40,25.0
2018-09-12,16010.0,765327.0,48.0,48.05,47.3,47.3,-0.15,14.0
2018-09-13,12000.0,569800.0,47.3,47.7,47.3,47.65,+0.35,10.0
2018-09-14,23000.0,1097450.0,47.9,47.9,47.65,47.75,+0.10,19.0
2018-09-17,0.0,0.0,,,,, 0.00,0.0
2018-09-18,5009.0,237323.0,47.7,47.7,47.2,47.3,X0.00,6.0
2018-09-19,22000.0,1043900.0,47.4,47.75,47.2,47.2,-0.10,22.0
2018-09-20,10001.0,472047.0,47.1,47.25,47.1,47.2, 0.00,11.0
2018-09-21,15000.0,704800.0,47.1,47.1,46.7,46.9,-0.30,13.0
2018-09-25,1000.0,47250.0,47.25,47.25,47.25,47.25,+0.35,1.0
2018-09-26,2000.0,94800.0,47.4,47.4,47.4,47.4,+0.15,2.0
2018-09-27,14300.0,673740.0,46.9,47.4,46.9,47.1,-0.30,13.0
2018-09-28,26028.0,1213064.0,46.8,46.8,46.3,46.5,-0.60,27.0
2018-10-01,33000.0,1531300.0,46.3,46.7,46.1,46.65,+0.15,27.0
2018-10-02,36000.0,1675450.0,46.75,46.75,46.35,46.5,-0.15,32.0
2018-10-03,86079.0,3929244.0,46.4,46.4,45.1,45.1,-1.40,70.0
2018-10-04,53000.0,2379700.0,45.1,45.1,44.7,44.7,-0.40,49.0
2018-10-05,211000.0,9064950.0,44.5,44.5,42.1,42.25,-2.45,155.0
2018-10-08,189504.0,7679034.0,42.3,42.3,39.9,40.55,-1.70,162.0
2018-10-09,42100.0,1706230.0,40.75,40.8,40.1,40.55, 0.00,40.0
2018-10-11,204227.0,7690899.0,39.45,39.45,36.75,37.2,-3.35,148.0
2018-10-12,114000.0,4350550.0,36.85,39.15,36.85,38.9,+1.70,92.0
2018-10-15,12070.0,471066.0,38.9,39.5,38.9,39.0,+0.10,12.0
2018-10-16,47000.0,1849800.0,39.0,39.6,39.0,39.6,+0.60,32.0
2018-10-17,56000.0,2234300.0,39.8,40.6,39.6,39.65,+0.05,42.0
2018-10-18,50125.0,1961331.0,39.1,39.65,39.0,39.5,-0.15,37.0
2018-10-19,20000.0,782750.0,38.7,39.3,38.5,39.3,-0.20,16.0
2018-10-22,18000.0,709800.0,38.6,39.55,38.6,39.5,+0.20,13.0
2018-10-23,1000.0,39100.0,39.1,39.1,39.1,39.1,-0.40,1.0
2018-10-24,15241.0,595731.0,38.8,39.6,38.8,39.55,+0.45,12.0
2018-10-25,28000.0,1085800.0,38.0,39.3,38.0,38.5,-1.05,24.0
2018-10-26,50000.0,1937900.0,39.8,39.8,38.5,38.5, 0.00,29.0
2018-10-29,34000.0,1303750.0,38.5,38.55,38.1,38.1,-0.40,25.0
2018-10-30,23000.0,873950.0,38.1,38.1,37.55,38.1, 0.00,21.0
2018-10-31,29000.0,1139100.0,38.5,39.65,38.5,39.5,+1.40,22.0
2018-11-01,41000.0,1612850.0,39.5,40.0,39.0,39.0,-0.50,23.0
2018-11-02,26000.0,1015000.0,39.15,39.2,38.6,39.15,+0.15,20.0
2018-11-05,2000.0,78300.0,39.0,39.3,39.0,39.3,+0.15,2.0
2018-11-06,7000.0,274600.0,39.7,39.7,38.9,39.05,-0.25,6.0
2018-11-07,35000.0,1383400.0,39.5,39.95,38.9,39.55,+0.50,24.0
2018-11-08,21126.0,841232.0,40.0,40.0,39.35,39.6,+0.05,22.0
2018-11-09,28000.0,1119050.0,39.6,40.5,39.55,40.45,+0.85,26.0
2018-11-12,9030.0,359904.0,40.1,40.1,39.8,39.8,-0.65,8.0
2018-11-13,28030.0,1106245.0,39.3,40.0,39.0,39.5,-0.30,26.0
2018-11-14,37000.0,1494250.0,39.7,41.0,39.7,40.35,+0.85,32.0
2018-11-15,12000.0,482150.0,40.65,40.65,39.9,40.0,-0.35,10.0
2018-11-16,11040.0,445220.0,40.4,40.4,40.1,40.1,+0.10,12.0
2018-11-19,13000.0,520950.0,40.1,40.1,39.85,39.85,-0.25,9.0
2018-11-20,9000.0,359550.0,39.95,39.95,39.95,39.95,+0.10,7.0
2018-11-21,5000.0,200000.0,39.95,40.1,39.95,40.0,+0.05,5.0
2018-11-22,7000.0,281500.0,40.0,40.3,40.0,40.0, 0.00,4.0
2018-11-23,14000.0,563800.0,40.0,40.5,40.0,40.0, 0.00,12.0
2018-11-26,11000.0,444250.0,40.6,40.7,40.25,40.7,+0.70,11.0
2018-11-27,18000.0,730450.0,40.8,40.8,40.35,40.35,-0.35,15.0
2018-11-28,15120.0,613647.0,40.55,40.65,40.5,40.5,+0.15,11.0
2018-11-29,42000.0,1693650.0,40.8,40.8,40.0,40.0,-0.50,33.0
2018-11-30,52050.0,2118030.0,40.1,41.0,40.05,40.4,+0.40,38.0
2018-12-03,61000.0,2553900.0,41.5,42.3,41.25,42.0,+1.60,40.0
2018-12-04,22047.0,927674.0,42.2,42.2,41.8,41.9,-0.10,20.0
2018-12-05,52000.0,2203000.0,42.0,43.0,42.0,42.6,+0.70,49.0
2018-12-06,24000.0,992200.0,41.85,41.85,41.0,41.0,-1.60,23.0
2018-12-07,24132.0,983078.0,41.0,41.0,40.3,40.35,-0.65,21.0
2018-12-10,62150.0,2447132.0,40.2,40.2,39.0,39.2,-1.15,48.0
2018-12-11,21000.0,831800.0,40.15,40.15,39.3,39.6,+0.40,15.0
2018-12-12,25000.0,1001200.0,39.6,40.2,39.6,40.1,+0.50,15.0
2018-12-13,1049.0,42379.0,40.4,40.4,40.4,40.4,+0.30,2.0
2018-12-14,13000.0,520100.0,40.0,40.2,39.9,40.2,-0.20,11.0
2018-12-17,760.0,31843.0,,,,, 0.00,2.0
2018-12-18,7000.0,276800.0,39.4,39.75,39.4,39.75,X0.00,7.0
2018-12-19,29522.0,1167219.0,39.2,39.8,39.2,39.5,-0.25,16.0
2018-12-20,13000.0,512650.0,39.45,39.5,39.35,39.35,-0.15,10.0
2018-12-21,11000.0,431600.0,39.2,39.3,39.2,39.25,-0.10,10.0
2018-12-22,13036.0,513235.0,39.0,39.8,38.5,39.55,+0.30,12.0
2018-12-24,46000.0,1792650.0,39.0,39.3,38.8,39.1,-0.45,33.0
2018-12-25,2000.0,77750.0,38.65,39.1,38.65,39.1, 0.00,2.0
2018-12-26,0.0,0.0,,,,, 0.00,0.0
2018-12-27,20000.0,781050.0,39.0,39.15,39.0,39.1,X0.00,13.0
2018-12-28,17000.0,664600.0,39.5,39.5,39.0,39.0,-0.10,15.0
2019-01-02,3004.0,117808.0,39.3,39.3,39.1,39.25,+0.25,5.0
2019-01-03,18000.0,706500.0,39.25,39.3,39.0,39.0,-0.25,8.0
2019-01-04,13000.0,503400.0,38.8,38.8,38.65,38.7,-0.30,12.0
2019-01-07,32000.0,1238850.0,38.85,38.9,38.6,38.9,+0.20,27.0
2019-01-08,7000.0,273350.0,39.35,39.35,38.85,39.1,+0.20,7.0
2019-01-09,18000.0,708050.0,39.55,39.55,39.1,39.1, 0.00,17.0
2019-01-10,13000.0,508050.0,39.1,39.15,39.0,39.0,-0.10,10.0
2019-01-11,22000.0,859900.0,39.1,39.45,39.0,39.25,+0.25,21.0
2019-01-14,20006.0,781385.0,39.25,39.25,38.95,38.95,-0.30,19.0
2019-01-15,48000.0,1867550.0,39.0,39.3,38.8,38.85,-0.10,32.0
2019-01-16,45000.0,1753600.0,38.9,39.3,38.85,38.85, 0.00,36.0
2019-01-17,26000.0,1015850.0,39.35,39.35,38.9,39.05,+0.20,18.0
2019-01-18,19000.0,744450.0,39.2,39.25,39.1,39.15,+0.10,12.0
2019-01-21,59000.0,2322150.0,39.25,39.6,39.25,39.4,+0.25,34.0
2019-01-22,12000.0,471850.0,39.3,39.35,39.3,39.35,-0.05,7.0
2019-01-23,29000.0,1134800.0,39.35,39.35,39.05,39.1,-0.25,16.0
2019-01-24,23000.0,906150.0,39.3,39.5,39.3,39.45,+0.35,16.0
2019-01-25,26001.0,1038590.0,39.8,40.1,39.8,39.95,+0.50,25.0
2019-01-28,12168.0,485703.0,39.8,40.2,39.65,39.8,-0.15,12.0
2019-01-29,2000.0,79300.0,39.65,39.65,39.65,39.65,-0.15,2.0
2019-01-30,4000.0,158800.0,39.7,39.7,39.7,39.7,+0.05,4.0
2019-02-11,17000.0,682000.0,39.8,40.4,39.8,40.2,+0.50,14.0
2019-02-12,15000.0,607950.0,40.2,40.8,40.1,40.8,+0.60,15.0
2019-02-13,102000.0,4198350.0,40.9,41.6,40.9,41.6,+0.80,63.0
2019-02-14,200000.0,8720000.0,41.7,45.2,41.7,43.45,+1.85,150.0
2019-02-15,95000.0,4190250.0,43.5,44.55,43.5,44.0,+0.55,71.0
2019-02-18,85007.0,3788329.0,44.1,45.1,44.0,44.9,+0.90,63.0
2019-02-19,99007.0,4444343.0,45.2,45.3,44.5,44.8,-0.10,63.0
2019-02-20,69000.0,3136200.0,44.8,45.75,44.8,45.2,+0.40,48.0
2019-02-21,95000.0,4235900.0,44.9,45.1,44.3,44.35,-0.85,66.0
2019-02-22,31000.0,1381350.0,44.25,44.9,44.25,44.3,-0.05,22.0
2019-02-25,44000.0,1978750.0,44.3,45.5,44.3,45.35,+1.05,37.0
2019-02-26,112008.0,5163274.0,45.8,46.55,45.8,45.9,+0.55,87.0
2019-02-27,50000.0,2289500.0,45.95,46.2,45.3,45.75,-0.15,29.0
2019-03-04,96000.0,4424150.0,45.8,46.2,45.8,45.85,+0.10,31.0
2019-03-05,62000.0,2851800.0,45.4,46.15,45.4,46.0,+0.15,20.0
2019-03-06,162000.0,7653500.0,46.2,48.8,46.2,47.3,+1.30,125.0
2019-03-07,65030.0,3041369.0,47.2,47.4,46.35,46.75,-0.55,57.0
2019-03-08,62000.0,2854900.0,46.2,46.65,45.5,46.65,-0.10,37.0
2019-03-11,47090.0,2181907.0,46.3,46.65,46.2,46.3,-0.35,40.0
2019-03-12,54000.0,2509700.0,46.5,46.95,46.3,46.3, 0.00,39.0
2019-03-13,6000.0,280100.0,46.8,46.9,46.45,46.45,+0.15,6.0
2019-03-14,22000.0,1020450.0,46.35,46.75,46.25,46.25,-0.20,17.0
2019-03-15,10000.0,466550.0,46.6,46.75,46.45,46.7,+0.45,10.0
2019-03-18,17000.0,793100.0,46.8,46.8,46.45,46.45,-0.25,16.0
2019-03-19,59100.0,2736319.0,46.45,46.5,46.2,46.2,-0.25,41.0
2019-03-20,61026.0,2869222.0,46.3,47.5,46.25,47.25,+1.05,48.0
2019-03-21,40000.0,1889850.0,46.95,47.6,46.95,47.05,-0.20,29.0
2019-03-22,10001.0,469246.0,47.1,47.1,46.8,46.8,-0.25,11.0
2019-03-25,31000.0,1430500.0,46.5,46.5,45.8,46.25,-0.55,26.0
2019-03-26,23000.0,1066800.0,46.4,46.7,46.3,46.35,+0.10,20.0
2019-03-27,34000.0,1584700.0,46.6,46.9,46.3,46.35, 0.00,28.0
2019-03-28,35000.0,1623100.0,46.35,46.65,46.3,46.6,+0.25,27.0
2019-03-29,16000.0,742350.0,46.7,46.7,46.35,46.35,-0.25,16.0
2019-04-01,25000.0,1161450.0,46.35,46.65,46.3,46.4,+0.05,13.0
2019-04-02,102000.0,4781500.0,46.45,47.5,46.45,47.1,+0.70,53.0
2019-04-03,36026.0,1695848.0,47.1,47.4,46.7,47.4,+0.30,21.0
2019-04-08,33074.0,1562749.0,46.8,47.5,46.8,47.5,+0.10,32.0
2019-04-09,39000.0,1835300.0,47.0,47.4,47.0,47.0,-0.50,21.0
2019-04-10,41000.0,1920450.0,46.85,47.0,46.75,46.75,-0.25,27.0
2019-04-11,10000.0,469150.0,47.05,47.05,46.85,46.9,+0.15,10.0
2019-04-12,18000.0,844100.0,46.9,46.9,46.85,46.9, 0.00,13.0
2019-04-15,11000.0,517650.0,47.1,47.1,46.95,46.95,+0.05,10.0
2019-04-16,53000.0,2507000.0,47.2,47.5,47.0,47.1,+0.15,42.0
2019-04-17,52000.0,2456250.0,47.5,47.5,47.0,47.45,+0.35,38.0
2019-04-18,86000.0,4055650.0,47.3,47.45,46.95,47.0,-0.45,45.0
2019-04-19,8000.0,378900.0,47.4,47.4,47.3,47.3,+0.30,8.0
2019-04-22,175000.0,8192900.0,47.0,47.3,46.6,46.85,-0.45,75.0
2019-04-23,177000.0,8237450.0,47.0,47.0,46.5,46.5,-0.35,48.0
2019-04-24,18000.0,836950.0,46.5,46.5,46.45,46.45,-0.05,11.0
2019-04-25,25000.0,1157850.0,46.5,46.5,46.15,46.5,+0.05,24.0
2019-04-26,20000.0,925950.0,46.3,46.5,46.2,46.5, 0.00,18.0
2019-04-29,23000.0,1060400.0,46.75,46.75,46.0,46.1,-0.40,18.0
2019-04-30,2000.0,92950.0,46.45,46.5,46.45,46.5,+0.40,2.0
2019-05-02,46000.0,2123050.0,46.3,46.4,46.0,46.4,-0.10,24.0
2019-05-03,5000.0,232750.0,46.45,46.65,46.45,46.65,+0.25,5.0
2019-05-06,46000.0,2110550.0,46.0,46.2,45.5,46.2,-0.45,34.0
2019-05-07,16000.0,744550.0,46.5,46.7,46.3,46.7,+0.50,15.0
2019-05-08,55000.0,2527300.0,46.5,46.5,45.65,45.9,-0.80,42.0
2019-05-09,23000.0,1051950.0,45.8,45.8,45.55,45.6,-0.30,20.0
2019-05-10,35000.0,1591250.0,45.7,45.7,45.3,45.35,-0.25,29.0
2019-05-13,9030.0,408706.0,45.35,45.4,45.2,45.2,-0.15,10.0
2019-05-14,17000.0,763700.0,44.9,45.2,44.7,45.2, 0.00,15.0
2019-05-15,10000.0,453600.0,45.2,45.8,45.2,45.3,+0.10,8.0
2019-05-16,13001.0,590445.0,45.5,45.6,45.3,45.3, 0.00,8.0
2019-05-17,31000.0,1402000.0,45.3,45.4,45.0,45.1,-0.20,21.0
2019-05-20,7000.0,316150.0,45.0,45.3,45.0,45.2,+0.10,5.0
2019-05-21,13000.0,589950.0,45.2,45.45,45.2,45.45,+0.25,12.0
2019-05-22,12000.0,548800.0,45.45,45.9,45.45,45.9,+0.45,12.0
2019-05-23,13000.0,596450.0,45.9,45.9,45.65,45.65,-0.25,12.0
2019-05-24,5000.0,229950.0,46.1,46.1,45.65,45.65, 0.00,4.0
2019-05-27,17000.0,774500.0,45.3,45.65,45.3,45.5,-0.15,6.0
2019-05-28,29000.0,1322950.0,45.5,45.9,45.5,45.7,+0.20,22.0
2019-05-29,32000.0,1457100.0,45.7,45.8,45.35,45.35,-0.35,23.0
2019-05-30,33000.0,1510850.0,45.35,46.0,45.35,46.0,+0.65,29.0
2019-05-31,47000.0,2169450.0,46.15,46.2,46.0,46.2,+0.20,38.0
2019-06-03,15000.0,692650.0,46.15,46.2,46.1,46.2, 0.00,13.0
2019-06-04,11000.0,505450.0,45.85,46.15,45.85,45.95,-0.25,10.0
2019-06-05,13000.0,599100.0,46.15,46.2,45.9,45.9,-0.05,13.0
2019-06-06,8000.0,367150.0,45.8,46.1,45.8,45.8,-0.10,8.0
2019-06-10,8000.0,368800.0,46.2,46.2,45.85,45.85,+0.05,6.0
2019-06-11,31025.0,1420462.0,45.85,45.85,45.7,45.75,-0.10,18.0
2019-06-12,8000.0,367000.0,45.75,46.0,45.75,45.75, 0.00,7.0
2019-06-13,12043.0,553778.0,46.1,46.1,45.75,46.0,+0.25,12.0
2019-06-14,21150.0,972165.0,45.9,46.1,45.9,46.1,+0.10,15.0
2019-06-17,66021.0,3044877.0,46.0,46.45,46.0,46.4,+0.30,39.0
2019-06-18,31000.0,1443700.0,46.4,46.65,46.4,46.5,+0.10,27.0
2019-06-19,69000.0,3208650.0,46.5,46.6,46.45,46.6,+0.10,18.0
2019-06-20,84000.0,3908550.0,46.6,46.65,46.3,46.55,-0.05,24.0
2019-06-21,50000.0,2329500.0,46.6,46.65,46.4,46.65,+0.10,23.0
2019-06-24,121035.0,5675995.0,46.8,47.05,46.8,46.9,+0.25,37.0
2019-06-25,123000.0,5745600.0,46.9,46.9,46.65,46.65,-0.25,18.0
2019-06-26,10100.0,471445.0,46.65,46.8,46.6,46.8,+0.15,7.0
2019-06-27,29082.0,1359313.0,46.8,46.8,46.6,46.6,-0.20,17.0
2019-06-28,83127.0,3874431.0,46.7,46.8,46.5,46.7,+0.10,63.0
2019-07-01,60572.0,2707490.0,44.05,45.15,44.0,44.8,X0.00,56.0
2019-07-02,9034.0,403394.0,44.8,44.8,44.6,44.6,-0.20,10.0
2019-07-03,15003.0,666733.0,44.6,44.6,44.4,44.4,-0.20,15.0
2019-07-04,5000.0,224150.0,44.8,44.95,44.8,44.95,+0.55,5.0
2019-07-05,17000.0,761950.0,45.0,45.0,44.55,44.9,-0.05,15.0
2019-07-08,5000.0,222950.0,44.75,44.75,44.55,44.55,-0.35,4.0
2019-07-09,17000.0,753350.0,44.5,44.5,44.2,44.2,-0.35,10.0
2019-07-10,26045.0,1146875.0,44.2,44.2,43.95,43.95,-0.25,21.0
2019-07-11,16000.0,711300.0,43.95,44.9,43.5,44.3,+0.35,13.0
2019-07-12,25055.0,1108855.0,44.3,44.65,44.15,44.6,+0.30,24.0
2019-07-15,19000.0,840850.0,44.3,44.6,44.0,44.2,-0.40,18.0
2019-07-16,10000.0,442300.0,44.25,44.3,44.15,44.15,-0.05,10.0
2019-07-17,11000.0,487900.0,44.05,44.5,44.05,44.15, 0.00,11.0
2019-07-18,4000.0,176500.0,44.15,44.15,44.1,44.1,-0.05,4.0
2019-07-19,24000.0,1066700.0,44.1,44.5,44.1,44.5,+0.40,20.0
2019-07-22,11000.0,488900.0,44.5,44.5,44.4,44.5, 0.00,7.0
2019-07-23,50000.0,2218900.0,44.55,44.6,44.15,44.5, 0.00,35.0
2019-07-24,21000.0,930100.0,44.7,44.7,44.15,44.45,-0.05,17.0
2019-07-25,15166.0,672887.0,44.3,44.55,44.15,44.5,+0.05,15.0
2019-07-26,11000.0,486250.0,44.25,44.25,44.15,44.15,-0.35,10.0
2019-07-29,19006.0,840741.0,44.15,44.35,44.15,44.2,+0.05,12.0
2019-07-30,32008.0,1443379.0,44.5,46.4,44.35,44.4,+0.20,24.0
2019-07-31,13000.0,574600.0,44.3,44.5,44.0,44.5,+0.10,10.0
2019-08-01,7000.0,309800.0,44.65,44.65,44.15,44.15,-0.35,6.0
2019-08-02,55000.0,2433400.0,44.2,45.0,43.85,44.15, 0.00,41.0
2019-08-05,38000.0,1675500.0,44.1,44.25,44.05,44.05,-0.10,29.0
2019-08-06,55000.0,2410850.0,43.65,44.3,43.3,44.3,+0.25,37.0
2019-08-07,10000.0,443600.0,44.1,44.5,44.1,44.5,+0.20,8.0
2019-08-08,17000.0,754600.0,44.3,44.55,44.2,44.55,+0.05,9.0
2019-08-12,3000.0,132800.0,44.25,44.3,44.25,44.25,-0.30,3.0
2019-08-13,38000.0,1674650.0,44.15,44.5,44.0,44.5,+0.25,13.0
2019-08-14,40000.0,1751650.0,44.0,44.25,43.55,43.6,-0.90,35.0
2019-08-15,11000.0,475650.0,43.6,43.95,43.0,43.5,-0.10,11.0
2019-08-16,50114.0,2142255.0,43.05,43.8,42.1,42.4,-1.10,39.0
2019-08-19,51000.0,2182000.0,43.15,43.2,42.6,42.6,+0.20,29.0
2019-08-20,34014.0,1455101.0,43.9,43.9,42.4,42.4,-0.20,31.0
2019-08-21,25000.0,1072300.0,43.2,43.2,42.65,43.1,+0.70,22.0
2019-08-22,13013.0,557281.0,43.2,43.2,42.65,42.65,-0.45,14.0
2019-08-23,28014.0,1188426.0,42.5,42.95,42.25,42.3,-0.35,25.0
2019-08-26,8016.0,340082.0,42.35,42.5,42.35,42.35,+0.05,10.0
2019-08-27,7018.0,298574.0,42.4,42.8,42.35,42.75,+0.40,9.0
2019-08-28,42018.0,1784878.0,42.9,42.9,42.3,42.3,-0.45,32.0
2019-08-29,118082.0,4916170.0,42.25,42.25,41.2,41.5,-0.80,99.0
2019-08-30,66060.0,2745697.0,41.7,41.9,41.4,41.75,+0.25,48.0
2019-09-02,19060.0,794181.0,41.9,41.9,41.55,41.6,-0.15,18.0
2019-09-03,34042.0,1420104.0,41.95,41.95,41.55,41.7,+0.10,22.0
2019-09-04,5053.0,211267.0,42.0,42.0,41.75,41.75,+0.05,7.0
2019-09-05,17000.0,710800.0,41.75,42.0,41.75,42.0,+0.25,9.0
2019-09-06,11030.0,463758.0,42.0,42.2,42.0,42.2,+0.20,11.0
2019-09-09,38003.0,1584125.0,42.0,42.0,41.5,41.75,-0.45,26.0
2019-09-10,34000.0,1415150.0,41.75,41.75,41.55,41.6,-0.15,16.0
2019-09-11,1000.0,41650.0,41.65,41.65,41.65,41.65,+0.05,1.0
2019-09-12,21000.0,872700.0,41.6,41.65,41.5,41.65, 0.00,14.0
2019-09-16,7733.0,323439.0,42.0,42.0,41.8,41.8,+0.15,4.0
2019-09-17,13030.0,546900.0,41.8,42.1,41.8,42.0,+0.20,12.0
2019-09-18,14031.0,592426.0,42.25,42.3,42.15,42.3,+0.30,16.0
2019-09-19,9007.0,378722.0,42.3,42.3,42.0,42.0,-0.30,10.0
2019-09-20,3007.0,126123.0,42.0,42.0,41.9,41.9,-0.10,4.0
2019-09-23,7000.0,293300.0,41.9,41.9,41.9,41.9, 0.00,4.0
2019-09-24,12032.0,506723.0,41.9,42.2,41.9,42.0,+0.10,13.0
2019-09-25,8000.0,335400.0,42.0,42.0,41.9,41.9,-0.10,7.0
2019-09-26,9000.0,378050.0,42.35,42.35,41.9,41.9, 0.00,9.0
2019-09-27,15000.0,629200.0,42.2,42.2,41.85,42.1,+0.20,15.0
2019-10-01,23032.0,964881.0,41.95,41.95,41.8,41.8,-0.30,17.0
2019-10-02,17000.0,713450.0,42.35,42.35,41.85,41.85,+0.05,14.0
2019-10-03,9000.0,376550.0,41.85,41.85,41.8,41.85, 0.00,8.0
2019-10-04,14000.0,586000.0,41.85,42.2,41.75,41.75,-0.10,13.0
2019-10-07,10000.0,422250.0,42.2,42.35,42.2,42.35,+0.60,9.0
2019-10-08,8050.0,340611.0,42.35,42.35,42.2,42.2,-0.15,9.0
2019-10-09,11000.0,463100.0,42.0,42.2,42.0,42.2, 0.00,8.0
2019-10-14,10000.0,422850.0,42.3,42.3,42.2,42.2, 0.00,10.0
2019-10-15,10000.0,426350.0,42.2,42.9,42.2,42.9,+0.70,10.0
2019-10-16,27000.0,1167050.0,43.45,43.45,43.0,43.3,+0.40,22.0
2019-10-17,6000.0,259200.0,43.3,43.3,42.8,43.3, 0.00,5.0
2019-10-18,8035.0,346365.0,43.2,43.2,43.0,43.0,-0.30,7.0
2019-10-21,4000.0,172000.0,43.0,43.0,43.0,43.0, 0.00,3.0
2019-10-22,2000.0,85900.0,43.0,43.0,42.9,42.9,-0.10,2.0
2019-10-23,4000.0,173150.0,43.3,43.3,43.25,43.25,+0.35,3.0
2019-10-24,31000.0,1336150.0,43.0,43.4,43.0,43.2,-0.05,14.0
2019-10-25,16000.0,694250.0,43.2,43.5,43.2,43.45,+0.25,13.0
2019-10-28,13000.0,561200.0,43.4,43.4,43.1,43.1,-0.35,10.0
2019-10-29,13000.0,561900.0,43.45,43.45,43.15,43.15,+0.05,9.0
2019-10-30,14500.0,624100.0,43.05,43.4,43.0,43.4,+0.25,10.0
2019-10-31,14000.0,609500.0,43.4,44.0,43.2,43.9,+0.50,12.0
2019-11-01,5000.0,219000.0,43.8,43.9,43.5,43.5,-0.40,5.0
2019-11-04,23000.0,998200.0,43.55,43.55,43.1,43.2,-0.30,16.0
2019-11-05,25023.0,1082645.0,43.25,43.3,43.2,43.3,+0.10,17.0
2019-11-06,7009.0,304092.0,43.5,43.5,43.25,43.25,-0.05,7.0
2019-11-07,10445.0,450551.0,43.15,43.25,43.1,43.25, 0.00,12.0
2019-11-08,9022.0,386200.0,42.85,42.85,42.7,42.8,-0.45,10.0
2019-11-11,11013.0,470210.0,42.8,42.85,42.6,42.75,-0.05,13.0
2019-11-12,11092.0,475556.0,42.5,43.4,42.5,43.0,+0.25,13.0
2019-11-13,11008.0,478500.0,43.5,43.5,43.35,43.35,+0.35,8.0
2019-11-14,7000.0,301800.0,43.2,43.2,43.1,43.1,-0.25,7.0
2019-11-15,24000.0,1035000.0,43.1,43.35,42.9,43.1, 0.00,14.0
2019-11-18,15000.0,645950.0,43.1,43.1,43.0,43.0,-0.10,5.0
2019-11-19,6000.0,258450.0,43.0,43.45,43.0,43.45,+0.45,6.0
2019-11-20,7445.0,323174.0,43.45,43.45,43.35,43.45, 0.00,9.0
2019-11-21,11000.0,474400.0,42.85,43.45,42.8,43.0,-0.45,10.0
2019-11-22,4000.0,172100.0,43.0,43.1,43.0,43.1,+0.10,3.0
2019-11-25,4000.0,172400.0,43.1,43.1,43.1,43.1, 0.00,3.0
2019-11-26,6000.0,261000.0,43.2,43.8,43.2,43.4,+0.30,6.0
2019-11-27,11000.0,478000.0,43.75,43.75,43.4,43.4, 0.00,11.0
2019-11-28,47011.0,2049979.0,43.45,43.8,43.4,43.65,+0.25,33.0
2019-11-29,37000.0,1632400.0,43.9,44.5,43.65,43.65, 0.00,32.0
2019-12-02,96040.0,4299850.0,44.0,45.0,44.0,45.0,+1.35,81.0
2019-12-03,20035.0,897476.0,45.0,45.0,44.55,44.65,-0.35,17.0
2019-12-04,11000.0,490200.0,44.4,44.65,44.4,44.6,-0.05,10.0
2019-12-05,13000.0,580100.0,44.6,44.8,44.5,44.8,+0.20,12.0
2019-12-06,31000.0,1389350.0,44.95,45.0,44.5,44.85,+0.05,22.0
2019-12-09,46040.0,2027543.0,45.0,45.0,43.5,43.6,-1.25,43.0
2019-12-10,22040.0,963360.0,43.95,43.95,43.65,43.65,+0.05,17.0
2019-12-11,28000.0,1212750.0,43.65,43.7,42.9,43.5,-0.15,27.0
2019-12-12,23000.0,998250.0,43.35,43.55,43.1,43.55,+0.05,20.0
2019-12-13,10000.0,438450.0,43.85,43.85,43.8,43.8,+0.25,6.0
2019-12-16,13000.0,572950.0,43.9,44.2,43.9,44.2,+0.40,11.0
2019-12-17,49100.0,2183960.0,44.4,44.6,44.4,44.6,+0.40,30.0
2019-12-18,86023.0,3904703.0,44.7,46.0,44.7,45.8,+1.20,77.0
2019-12-19,24300.0,1109970.0,45.8,46.0,45.4,45.7,-0.10,19.0
2019-12-20,39000.0,1788300.0,46.1,46.1,45.45,46.0,+0.30,32.0
2019-12-23,493570.0,24439821.0,46.0,50.6,45.8,49.9,+3.90,337.0
2019-12-24,438000.0,22398100.0,49.85,53.0,49.4,50.5,+0.60,396.0
2019-12-25,174010.0,8822701.0,50.5,51.5,50.0,50.5, 0.00,150.0
2019-12-26,83030.0,4188937.0,50.8,51.4,49.8,49.8,-0.70,74.0
2019-12-27,77005.0,3828698.0,50.1,50.2,49.5,49.55,-0.25,70.0
2019-12-30,74357.0,3706777.0,49.55,50.5,49.35,50.0,+0.45,64.0
2019-12-31,72104.0,3592257.0,50.3,50.4,49.55,49.9,-0.10,58.0
2020-01-02,19202.0,955089.0,49.7,50.0,49.6,49.7,-0.20,21.0
2020-01-03,116000.0,5691550.0,50.0,50.0,48.5,48.85,-0.85,86.0
2020-01-06,39000.0,1883850.0,48.6,48.6,48.2,48.25,-0.60,36.0
2020-01-07,78000.0,3733500.0,48.25,48.4,47.5,47.55,-0.70,64.0
2020-01-08,58062.0,2710298.0,47.2,47.5,46.0,46.65,-0.90,52.0
2020-01-09,42060.0,2013560.0,46.9,48.4,46.9,47.8,+1.15,36.0
2020-01-10,37158.0,1803051.0,47.75,48.8,47.7,48.75,+0.95,39.0
2020-01-13,48000.0,2361550.0,49.45,49.45,48.8,49.1,+0.35,42.0
2020-01-14,24001.0,1170100.0,48.6,49.25,48.5,48.5,-0.60,20.0
2020-01-15,7352.0,359865.0,48.5,49.1,48.5,49.0,+0.50,8.0
2020-01-16,48000.0,2349350.0,48.55,49.25,48.55,49.25,+0.25,33.0
2020-01-17,7200.0,351689.0,48.75,49.0,48.75,48.9,-0.35,8.0
2020-01-20,98000.0,4886600.0,49.3,50.1,49.3,49.5,+0.60,75.0
2020-01-30,179000.0,8798150.0,49.45,49.5,47.85,47.85,-1.65,76.0
2020-01-31,49001.0,2370248.0,47.85,48.6,47.85,48.5,+0.65,33.0
2020-02-03,58018.0,2708300.0,47.95,47.95,46.2,46.9,-1.60,52.0
2020-02-04,26000.0,1230400.0,47.0,47.7,47.0,47.4,+0.50,18.0
2020-02-05,50000.0,2349350.0,47.45,47.45,46.6,47.0,-0.40,44.0
2020-02-06,32320.0,1521394.0,47.0,47.45,46.9,47.0, 0.00,22.0
2020-02-07,33000.0,1546950.0,47.0,47.0,46.75,46.85,-0.15,28.0
2020-02-10,60000.0,2777000.0,46.7,46.8,46.0,46.15,-0.70,42.0
2020-02-11,40000.0,1839150.0,46.15,46.15,45.9,46.1,-0.05,31.0
2020-02-12,18000.0,832900.0,46.1,46.7,46.1,46.25,+0.15,16.0
2020-02-13,83000.0,3819500.0,46.25,46.35,45.7,45.85,-0.40,63.0
2020-02-14,30000.0,1381950.0,46.25,46.35,45.8,46.35,+0.50,20.0
2020-02-17,21062.0,976626.0,46.4,46.5,46.2,46.4,+0.05,19.0
2020-02-18,31000.0,1432550.0,46.15,46.5,46.15,46.15,-0.25,18.0
2020-02-19,26000.0,1203950.0,46.15,46.5,46.15,46.3,+0.15,12.0
2020-02-20,23001.0,1073346.0,46.3,46.9,46.3,46.9,+0.60,19.0
2020-02-21,28000.0,1309150.0,47.0,47.0,46.55,46.6,-0.30,27.0
2020-02-24,25000.0,1153750.0,46.55,46.55,46.0,46.05,-0.55,21.0
2020-02-25,22033.0,1011051.0,45.8,46.55,45.7,46.55,+0.50,20.0
2020-02-26,21000.0,980300.0,46.6,46.95,46.2,46.8,+0.25,19.0
2020-02-27,72101.0,3366202.0,46.8,47.0,46.3,46.6,-0.20,47.0
2020-03-02,25020.0,1172890.0,46.6,47.2,46.6,46.9,+0.30,22.0
2020-03-03,14000.0,660250.0,47.45,47.45,46.85,46.9, 0.00,12.0
2020-03-04,15100.0,708275.0,46.8,47.3,46.55,46.8,-0.10,13.0
2020-03-05,28000.0,1313000.0,46.8,47.1,46.8,46.85,+0.05,16.0
2020-03-06,39000.0,1820250.0,46.85,46.85,46.5,46.85, 0.00,24.0
2020-03-09,58100.0,2676885.0,46.4,46.4,45.9,45.9,-0.95,40.0
2020-03-10,76006.0,3476144.0,45.5,46.5,45.5,46.5,+0.60,43.0
2020-03-11,14000.0,651150.0,46.55,46.6,46.5,46.5, 0.00,5.0
2020-03-12,79019.0,3524643.0,45.7,45.7,44.15,45.0,-1.50,54.0
2020-03-13,51000.0,2163250.0,44.05,44.05,41.8,42.85,-2.15,43.0
2020-03-16,31000.0,1303750.0,42.85,42.85,41.5,42.05,-0.80,26.0
2020-03-17,64000.0,2649000.0,41.2,42.3,41.2,42.3,+0.25,49.0
2020-03-18,48099.0,1995028.0,42.5,42.5,40.8,41.35,-0.95,39.0
2020-03-19,85000.0,3289650.0,40.65,40.65,38.05,38.7,-2.65,66.0
2020-03-20,20000.0,811200.0,39.2,41.0,39.2,40.65,+1.95,18.0
2020-03-23,11000.0,428250.0,38.5,40.0,38.2,38.9,-1.75,11.0
2020-03-24,14000.0,570400.0,40.2,41.4,40.2,40.4,+1.50,12.0
2020-03-25,24000.0,1001450.0,41.5,42.0,41.3,41.85,+1.45,24.0
2020-03-26,7000.0,291700.0,41.6,41.8,41.5,41.8,-0.05,7.0
2020-03-27,14000.0,579350.0,41.35,41.7,41.2,41.5,-0.30,14.0
2020-03-30,8003.0,329286.0,41.0,41.6,41.0,41.25,-0.25,9.0
2020-03-31,5000.0,206000.0,41.2,41.2,41.2,41.2,-0.05,5.0
2020-04-01,11000.0,454350.0,41.1,41.5,41.1,41.35,+0.15,11.0
2020-04-06,7009.0,287055.0,40.9,41.5,40.65,41.45,+0.10,9.0
2020-04-07,37000.0,1552800.0,41.5,42.5,41.5,41.9,+0.45,36.0
2020-04-08,27000.0,1150650.0,42.0,42.95,41.9,42.7,+0.80,26.0
2020-04-09,22200.0,945369.0,42.7,42.95,42.25,42.8,+0.10,22.0
2020-04-10,18000.0,770250.0,42.9,42.9,42.7,42.9,+0.10,17.0
2020-04-13,8000.0,341600.0,42.9,42.9,42.6,42.8,-0.10,6.0
2020-04-14,57000.0,2450950.0,43.0,43.2,42.8,43.2,+0.40,42.0
2020-04-15,54000.0,2352200.0,44.0,44.0,43.2,43.85,+0.65,48.0
2020-04-16,17100.0,745450.0,43.85,43.85,43.15,43.35,-0.50,15.0
2020-04-17,30040.0,1307840.0,43.4,43.85,43.35,43.7,+0.35,25.0
2020-04-20,12000.0,522350.0,43.3,43.7,43.3,43.45,-0.25,11.0
2020-04-21,35000.0,1497550.0,43.45,43.45,42.55,42.6,-0.85,31.0
2020-04-22,52100.0,2254249.0,42.5,44.0,42.5,43.4,+0.80,48.0
2020-04-23,17000.0,737100.0,43.85,43.85,43.2,43.3,-0.10,11.0
2020-04-24,24000.0,1043650.0,43.4,43.5,43.4,43.5,+0.20,11.0
2020-04-27,37000.0,1626000.0,43.7,44.2,43.6,44.1,+0.60,31.0
2020-04-28,21000.0,920900.0,44.1,44.1,43.7,43.95,-0.15,20.0
2020-04-29,59000.0,2610300.0,44.1,44.35,44.1,44.3,+0.35,47.0
2020-04-30,61000.0,2733800.0,44.4,45.4,44.4,44.85,+0.55,53.0
2020-05-04,31000.0,1370100.0,44.85,44.85,44.0,44.0,-0.85,26.0
2020-05-05,13000.0,575150.0,44.0,44.35,44.0,44.35,+0.35,10.0
2020-05-06,41000.0,1847450.0,44.5,45.5,44.5,45.0,+0.65,35.0
2020-05-07,52000.0,2390400.0,45.1,46.3,45.1,46.0,+1.00,47.0
2020-05-08,12000.0,549850.0,46.1,46.1,45.65,45.9,-0.10,12.0
2020-05-11,23000.0,1052200.0,45.45,45.95,45.45,45.7,-0.20,16.0
2020-05-12,61000.0,2748650.0,45.7,45.7,44.2,45.45,-0.25,49.0
2020-05-13,10050.0,454700.0,45.4,45.4,45.05,45.25,-0.20,9.0
2020-05-14,23000.0,1037850.0,45.2,45.45,44.95,45.45,+0.20,19.0
2020-05-15,27000.0,1219450.0,45.15,45.4,45.0,45.4,-0.05,20.0
2020-05-18,10000.0,453100.0,45.4,45.4,45.15,45.25,-0.15,9.0
2020-05-19,24000.0,1102350.0,45.35,46.25,45.35,45.9,+0.65,20.0
2020-05-20,31000.0,1425250.0,46.0,46.05,45.85,46.0,+0.10,25.0
2020-05-21,46083.0,2147659.0,46.0,47.4,46.0,47.4,+1.40,43.0
2020-05-22,27020.0,1283157.0,47.35,47.6,47.35,47.4, 0.00,24.0
2020-05-25,179200.0,8884990.0,48.0,50.7,48.0,49.3,+1.90,149.0
2020-05-26,192021.0,9650271.0,49.3,50.8,49.3,50.0,+0.70,155.0
2020-05-27,232204.0,11960169.0,51.9,52.0,51.0,51.5,+1.50,184.0
2020-05-28,135028.0,6830475.0,52.4,52.4,49.0,49.3,-2.20,124.0
2020-05-29,97000.0,4834500.0,49.4,50.1,49.4,49.8,+0.50,62.0
2020-06-01,137000.0,6854450.0,49.0,50.8,49.0,50.5,+0.70,95.0
2020-06-02,12000.0,602000.0,50.0,50.5,49.7,50.5, 0.00,12.0
2020-06-03,40000.0,2009850.0,50.5,50.5,49.95,50.0,-0.50,34.0
2020-06-04,50080.0,2486186.0,49.8,50.0,49.5,49.5,-0.50,36.0
2020-06-05,43221.0,2135129.0,49.8,49.8,49.25,49.25,-0.25,34.0
2020-06-08,47165.0,2349850.0,49.3,50.0,49.3,49.95,+0.70,37.0
2020-06-09,25000.0,1245100.0,49.95,50.0,49.5,49.85,-0.10,19.0
2020-06-10,35027.0,1747991.0,49.85,49.95,49.85,49.95,+0.10,21.0
2020-06-11,60100.0,2956210.0,49.9,49.9,48.5,49.15,-0.80,36.0
2020-06-12,113200.0,5428750.0,48.0,48.2,47.75,48.1,-1.05,81.0
2020-06-15,27040.0,1323854.0,48.7,49.15,48.7,48.75,+0.65,26.0
2020-06-16,67040.0,3322694.0,49.1,50.0,49.1,49.4,+0.65,59.0
2020-06-17,23000.0,1140200.0,49.9,49.9,49.5,49.6,+0.20,13.0
2020-06-18,8000.0,396100.0,49.3,49.55,49.3,49.55,-0.05,8.0
2020-06-19,117000.0,5911400.0,49.6,51.1,49.6,51.1,+1.55,93.0
2020-06-22,64050.0,3276685.0,52.0,52.0,50.9,51.2,+0.10,60.0
2020-06-23,17000.0,868800.0,51.2,51.2,51.0,51.1,-0.10,16.0
2020-06-24,39000.0,1995900.0,51.0,51.5,51.0,51.2,+0.10,27.0
2020-06-29,50000.0,2551800.0,51.0,51.5,50.9,51.1,-0.10,39.0
2020-06-30,119002.0,6081203.0,51.4,51.9,50.5,51.2,+0.10,72.0
2020-07-01,80000.0,4094400.0,50.9,51.6,50.9,51.2, 0.00,43.0
2020-07-02,125100.0,6467640.0,51.5,52.3,51.2,52.3,+1.10,97.0
2020-07-03,580296.0,31699588.0,52.6,56.0,52.6,55.0,+2.70,397.0
2020-07-06,726543.0,41187826.0,54.3,57.7,54.2,57.7,X0.00,372.0
2020-07-07,1525279.0,92123553.0,62.1,62.8,57.5,60.0,+2.30,1001.0
2020-07-08,575003.0,34463480.0,60.0,61.8,58.5,59.8,-0.20,353.0
2020-07-09,680342.0,40617400.0,59.4,61.5,57.5,57.6,-2.20,453.0
2020-07-10,361170.0,20745758.0,58.5,59.0,55.6,57.0,-0.60,257.0
2020-07-13,540336.0,31308155.0,58.1,59.0,55.8,58.4,+1.40,326.0
2020-07-14,264035.0,15480600.0,58.9,60.1,57.1,57.7,-0.70,177.0
2020-07-15,226035.0,13062812.0,58.6,58.9,57.2,57.5,-0.20,143.0
2020-07-16,274045.0,15907027.0,58.0,58.7,57.5,57.9,+0.40,172.0
2020-07-17,876948.0,52541906.0,58.9,61.5,58.0,59.9,+2.00,589.0
2020-07-20,473500.0,28467549.0,60.6,61.2,59.0,60.9,+1.00,320.0
2020-07-21,464107.0,28497854.0,61.4,62.1,60.5,62.1,+1.20,308.0
2020-07-22,1586172.0,107212246.0,62.5,68.3,62.1,68.3,+6.20,738.0
2020-07-23,1676255.0,116599085.0,68.8,73.0,66.6,67.3,-1.00,1264.0
2020-07-24,1205799.0,83109663.0,66.9,71.4,65.8,71.2,+3.90,928.0
2020-07-27,2754114.0,210126423.0,74.0,78.3,73.6,78.3,+7.10,1692.0
2020-07-28,3044070.0,240418860.0,78.3,83.4,72.9,75.1,-3.20,2385.0
2020-07-29,1723846.0,135457507.0,76.2,80.2,75.8,80.0,+4.90,1246.0
2020-07-30,1067699.0,86246320.0,80.0,82.6,79.1,80.2,+0.20,821.0
2020-07-31,610259.0,49158607.0,80.6,81.8,80.0,81.3,+1.10,406.0
2020-08-03,621450.0,49776110.0,81.2,81.2,79.2,80.0,-1.30,393.0
2020-08-04,469690.0,38072050.0,81.1,82.2,80.0,80.3,+0.30,361.0
2020-08-05,524535.0,41538003.0,80.6,81.3,77.5,78.9,-1.40,429.0
2020-08-06,824415.0,63488880.0,79.7,79.8,75.5,76.6,-2.30,616.0
2020-08-07,720075.0,55621582.0,76.8,78.9,75.8,75.8,-0.80,465.0
2020-08-10,370270.0,28134100.0,76.4,77.0,75.4,76.3,+0.50,296.0
2020-08-11,601551.0,44315174.0,75.6,76.0,72.1,73.4,-2.90,415.0
2020-08-12,653320.0,45218642.0,72.0,72.1,67.6,68.6,-4.80,501.0
2020-08-13,618400.0,43530459.0,69.3,72.0,69.3,70.2,+1.60,437.0
2020-08-14,160000.0,11072300.0,69.2,69.8,68.5,69.7,-0.50,131.0
2020-08-17,553600.0,39851300.0,69.8,73.5,69.8,73.0,+3.30,426.0
2020-08-18,516837.0,38268354.0,73.0,75.3,72.1,73.5,+0.50,425.0
2020-08-19,334010.0,24028110.0,73.5,73.5,70.3,70.8,-2.70,272.0
2020-08-20,465163.0,31457602.0,71.4,71.4,66.0,66.8,-4.00,296.0
2020-08-21,130000.0,8860200.0,66.8,69.0,66.8,68.5,+1.70,117.0
2020-08-24,157050.0,10863845.0,69.1,69.9,68.6,69.1,+0.60,111.0
2020-08-25,180100.0,12490710.0,68.9,70.1,68.5,69.1, 0.00,125.0
2020-08-26,246000.0,17507000.0,69.2,72.5,69.2,70.9,+1.80,203.0
2020-08-27,147010.0,10442113.0,70.9,72.0,70.1,70.3,-0.60,108.0
2020-08-28,91000.0,6374900.0,69.7,70.6,69.6,69.8,-0.50,68.0
2020-08-31,200000.0,14218600.0,71.0,71.7,70.3,70.8,+1.00,145.0
2020-09-01,69000.0,4846300.0,70.7,71.1,69.6,69.9,-0.90,62.0
2020-09-02,81700.0,5701690.0,70.3,70.4,69.3,69.7,-0.20,77.0
2020-09-03,59164.0,4162775.0,70.0,71.1,69.8,69.8,+0.10,51.0
2020-09-04,720020.0,51086492.0,69.0,73.0,68.1,69.4,-0.40,440.0
2020-09-07,209000.0,14423900.0,69.6,70.0,67.7,68.7,-0.70,138.0
2020-09-08,104120.0,7121260.0,69.1,69.1,67.9,68.0,-0.70,67.0
2020-09-09,156065.0,10501100.0,68.0,68.3,66.8,67.3,-0.70,111.0
2020-09-10,117000.0,7961000.0,68.0,68.7,67.3,67.7,+0.40,98.0
2020-09-11,116032.0,7758536.0,67.8,68.0,66.3,66.6,-1.10,103.0
2020-09-14,102000.0,6864100.0,66.6,67.9,66.5,67.3,+0.70,75.0
2020-09-15,168200.0,11502700.0,67.3,68.9,67.3,68.2,+0.90,131.0
2020-09-16,203100.0,14029340.0,69.0,69.8,68.5,68.9,+0.70,164.0
2020-09-17,173000.0,11850800.0,68.3,69.0,67.9,68.8,-0.10,134.0
2020-09-18,304000.0,21339700.0,69.5,71.0,69.3,69.7,+0.90,247.0
2020-09-21,217000.0,15174300.0,70.1,71.0,69.3,69.3,-0.40,148.0
2020-09-22,117000.0,7980500.0,69.0,69.0,67.4,68.3,-1.00,90.0
2020-09-23,66032.0,4465372.0,68.5,68.5,67.1,67.2,-1.10,59.0
2020-09-24,245000.0,15926000.0,66.5,66.7,64.0,64.4,-2.80,198.0
2020-09-25,218000.0,13804800.0,65.0,65.2,62.0,62.6,-1.80,141.0
2020-09-28,56100.0,3588950.0,62.9,64.7,62.9,64.1,+1.50,51.0
2020-09-29,50000.0,3220200.0,64.0,65.0,64.0,65.0,+0.90,38.0
2020-09-30,32000.0,2092200.0,64.8,65.9,64.7,65.9,+0.90,28.0
2020-10-05,60005.0,3951652.0,65.9,66.4,65.4,66.4,+0.50,48.0
2020-10-06,156202.0,10574136.0,67.0,68.2,67.0,68.0,+1.60,115.0
2020-10-07,57000.0,3866500.0,68.0,68.1,67.5,68.0, 0.00,41.0
2020-10-08,116305.0,7873357.0,68.0,68.1,66.3,67.7,-0.30,95.0
2020-10-12,68030.0,4498246.0,67.0,67.0,65.5,66.2,-1.50,57.0
2020-10-13,27000.0,1761900.0,66.8,66.8,65.0,65.6,-0.60,23.0
2020-10-14,78075.0,5203416.0,66.0,67.4,65.9,67.1,+1.50,69.0
2020-10-15,120148.0,8186196.0,67.1,69.1,67.1,69.0,+1.90,87.0
2020-10-16,190000.0,13121400.0,68.8,69.8,68.2,68.7,-0.30,142.0
2020-10-19,76046.0,5300204.0,69.0,70.3,69.0,69.9,+1.20,73.0
2020-10-20,38000.0,2639800.0,70.0,70.0,69.0,69.8,-0.10,34.0
2020-10-21,37047.0,2568799.0,69.5,69.8,69.0,69.8, 0.00,33.0
2020-10-22,32000.0,2209500.0,69.3,69.4,68.3,69.3,-0.50,32.0
2020-10-23,25000.0,1727300.0,69.0,69.6,68.5,69.6,+0.30,21.0
2020-10-26,52100.0,3583860.0,69.3,69.3,68.2,69.0,-0.60,46.0
2020-10-27,54011.0,3727159.0,68.5,69.4,68.5,69.4,+0.40,48.0
2020-10-28,37283.0,2582939.0,69.0,69.9,68.9,69.4, 0.00,35.0
2020-10-29,43000.0,2949200.0,68.1,69.0,68.1,69.0,X0.00,36.0
2020-10-30,35000.0,2404800.0,68.7,69.0,68.4,68.5,-0.50,26.0
2020-11-02,23432.0,1595592.0,68.0,68.3,68.0,68.0,-0.50,23.0
2020-11-03,50270.0,3409728.0,68.5,68.5,67.5,67.9,-0.10,35.0
2020-11-04,14094.0,954082.0,68.0,68.0,67.3,67.6,-0.30,13.0
2020-11-05,25000.0,1685500.0,67.1,67.8,67.1,67.3,-0.30,15.0
2020-11-06,33010.0,2228912.0,68.0,68.0,67.3,67.5,+0.20,31.0
2020-11-09,127000.0,8606600.0,67.7,68.1,67.4,67.6,+0.10,81.0
2020-11-10,31000.0,2083900.0,67.6,67.6,67.0,67.1,-0.50,26.0
2020-11-11,63200.0,4274640.0,67.1,68.2,66.6,68.0,+0.90,57.0
2020-11-12,41100.0,2786300.0,68.6,68.9,67.3,67.6,-0.40,24.0
2020-11-13,51373.0,3487774.0,67.6,68.5,67.5,68.0,+0.40,44.0
2020-11-16,44638.0,3020228.0,68.0,68.0,67.3,67.7,-0.30,47.0
2020-11-17,130109.0,8865451.0,67.8,68.6,67.5,68.6,+0.90,80.0
2020-11-18,720102.0,51800582.0,69.0,73.2,69.0,72.7,+4.10,556.0
2020-11-19,239710.0,17238313.0,72.8,73.2,71.0,71.1,-1.60,206.0
2020-11-20,80000.0,5660700.0,71.1,71.1,70.2,70.7,-0.40,68.0
2020-11-23,131993.0,9235524.0,70.9,70.9,69.4,69.7,-1.00,129.0
2020-11-24,113331.0,7926060.0,69.7,70.5,69.4,69.9,+0.20,96.0
2020-11-25,73000.0,5132900.0,69.9,70.6,69.7,70.1,+0.20,65.0
2020-11-26,76002.0,5322539.0,70.1,70.4,69.7,70.3,+0.20,71.0
2020-11-27,148471.0,10270754.0,69.7,69.9,69.0,69.3,-1.00,117.0
2020-11-30,73622.0,5093004.0,70.0,70.0,68.9,68.9,-0.40,65.0
2020-12-01,98333.0,6674377.0,68.8,69.0,67.0,68.1,-0.80,90.0
2020-12-02,102914.0,6971221.0,68.1,68.5,67.5,67.8,-0.30,77.0
2020-12-03,123100.0,8302180.0,67.4,68.0,67.0,67.1,-0.70,97.0
2020-12-04,918690.0,59527181.0,65.0,65.9,63.1,65.3,-1.80,848.0
2020-12-07,248102.0,16048100.0,65.3,65.3,64.2,64.6,-0.70,235.0
2020-12-08,226108.0,14768215.0,64.8,65.8,64.8,65.7,+1.10,177.0
2020-12-09,201652.0,13478358.0,66.0,67.4,66.0,66.8,+1.10,183.0
2020-12-10,328233.0,22203519.0,67.0,68.2,66.8,67.6,+0.80,262.0
2020-12-11,116158.0,7714928.0,67.6,67.6,65.6,66.4,-1.20,103.0
2020-12-14,58362.0,3861909.0,66.5,66.5,66.0,66.1,-0.30,57.0
2020-12-15,162853.0,10552541.0,66.0,66.0,64.0,65.1,-1.00,146.0
2020-12-16,124611.0,8186178.0,65.2,66.0,65.0,65.8,+0.70,112.0
2020-12-17,92279.0,6051972.0,66.0,66.3,65.0,65.8, 0.00,85.0
2020-12-18,255186.0,17032343.0,66.0,67.7,65.0,66.0,+0.20,183.0
2020-12-21,97482.0,6466963.0,66.7,66.7,65.5,66.4,+0.40,62.0
2020-12-22,97679.0,6443698.0,66.4,66.6,65.3,65.3,-1.10,90.0
2020-12-23,45512.0,2960533.0,65.1,65.5,64.5,65.0,-0.30,46.0
2020-12-24,158000.0,10438600.0,65.4,66.8,65.2,65.7,+0.70,130.0
2020-12-25,145032.0,9556372.0,65.7,66.0,65.6,65.8,+0.10,90.0
2020-12-28,75230.0,4947861.0,65.8,66.2,65.2,65.8, 0.00,59.0
2020-12-29,116471.0,7582080.0,65.8,65.8,64.6,65.1,-0.70,109.0
2020-12-30,60072.0,3930155.0,65.0,65.8,65.0,65.5,+0.40,54.0
2020-12-31,113862.0,7403842.0,65.4,65.7,64.8,65.0,-0.50,92.0
2021-01-04,120166.0,7829401.0,65.0,65.5,65.0,65.3,+0.30,81.0
2021-01-05,86040.0,5600620.0,65.3,65.5,65.0,65.1,-0.20,71.0
2021-01-06,113192.0,7313562.0,65.4,65.8,64.0,64.6,-0.50,97.0
2021-01-07,56854.0,3673261.0,64.6,64.9,64.2,64.4,-0.20,66.0
2021-01-08,98777.0,6361874.0,64.7,64.7,64.1,64.4, 0.00,95.0
2021-01-11,161082.0,10323699.0,64.9,64.9,63.5,63.8,-0.60,140.0
2021-01-12,181364.0,11461095.0,64.0,64.0,62.8,62.9,-0.90,155.0
2021-01-13,100590.0,6373817.0,63.0,64.0,62.4,63.6,+0.70,96.0
2021-01-14,50697.0,3220818.0,63.6,63.6,63.3,63.6, 0.00,35.0
2021-01-15,111383.0,6991153.0,63.6,63.6,62.3,62.5,-1.10,105.0
2021-01-18,83442.0,5126755.0,62.0,62.1,61.0,61.3,-1.20,83.0
2021-01-19,48706.0,3004929.0,61.3,62.0,61.3,61.9,+0.60,54.0
2021-01-20,156785.0,9546587.0,61.9,61.9,60.2,60.9,-1.00,131.0
2021-01-21,73215.0,4494008.0,61.8,61.8,61.0,61.5,+0.60,64.0
2021-01-22,31062.0,1905119.0,61.3,61.6,61.3,61.4,-0.10,27.0
2021-01-25,79429.0,4851420.0,61.4,61.4,60.8,61.0,-0.40,58.0
2021-01-26,122318.0,7373420.0,61.0,61.1,59.8,59.8,-1.20,107.0
2021-01-27,151542.0,8990287.0,60.0,60.0,59.0,59.2,-0.60,130.0
2021-01-28,158344.0,9195383.0,58.7,59.0,57.5,57.6,-1.60,146.0
2021-01-29,104510.0,6023196.0,57.7,58.4,57.1,57.1,-0.50,87.0
2021-02-01,62070.0,3547644.0,57.1,57.7,57.0,57.3,+0.20,41.0
2021-02-02,76116.0,4395477.0,57.7,58.3,57.3,57.5,+0.20,68.0
2021-02-03,100003.0,5877289.0,57.5,59.6,57.5,59.1,+1.60,88.0
2021-02-04,108296.0,6492512.0,59.2,60.3,59.2,59.6,+0.50,86.0
2021-02-05,83458.0,5038723.0,59.9,60.8,59.9,60.4,+0.80,79.0
2021-02-17,117364.0,7189633.0,61.0,61.6,61.0,61.5,+1.10,99.0
2021-02-18,122283.0,7676002.0,61.6,63.8,61.6,63.5,+2.00,109.0
2021-02-19,401528.0,26035064.0,64.0,65.9,63.6,63.9,+0.40,352.0
2021-02-22,138087.0,8808633.0,64.3,64.3,63.5,63.5,-0.40,127.0
2021-02-23,83062.0,5261716.0,63.1,63.7,63.0,63.4,-0.10,69.0
2021-02-24,85504.0,5395637.0,63.8,63.8,62.6,62.8,-0.60,70.0
2021-02-25,51719.0,3260769.0,63.0,63.4,62.8,62.9,+0.10,56.0
2021-02-26,88560.0,5510462.0,62.8,62.8,61.7,62.1,-0.80,84.0
2021-03-02,199083.0,12570758.0,62.6,64.0,62.4,62.4,+0.30,149.0
2021-03-03,79218.0,4951514.0,62.4,63.0,62.2,62.8,+0.40,57.0
2021-03-04,59218.0,3705199.0,62.8,62.9,62.3,62.8, 0.00,53.0
2021-03-05,183078.0,11628552.0,62.3,64.3,62.2,63.0,+0.20,171.0
2021-03-08,84000.0,5332800.0,63.5,64.0,63.0,63.0, 0.00,72.0
2021-03-09,48058.0,3047054.0,63.3,63.5,63.1,63.3,+0.30,35.0
2021-03-10,146576.0,9385721.0,63.5,64.6,63.5,64.1,+0.80,122.0
2021-03-11,215102.0,13988477.0,66.1,66.1,64.1,64.8,+0.70,170.0
2021-03-12,75734.0,4886277.0,64.9,65.1,64.2,64.7,-0.10,77.0
2021-03-15,80256.0,5169239.0,64.7,65.0,64.1,64.1,-0.60,68.0
2021-03-16,56759.0,3625722.0,64.1,64.1,63.6,63.9,-0.20,58.0
2021-03-17,26263.0,1675753.0,63.9,64.1,63.5,63.8,-0.10,30.0
2021-03-18,44062.0,2810878.0,64.0,64.0,63.6,63.8, 0.00,42.0
2021-03-19,77315.0,4911834.0,63.8,63.8,63.4,63.6,-0.20,72.0
2021-03-22,388329.0,25199485.0,64.3,65.5,64.2,64.7,+1.10,285.0
2021-03-23,139823.0,9015817.0,64.8,65.0,63.9,64.8,+0.10,126.0
2021-03-24,78480.0,5053603.0,64.8,65.0,64.0,64.6,-0.20,68.0
2021-03-25,77338.0,4958836.0,64.4,64.5,63.9,64.1,-0.50,51.0
2021-03-26,64001.0,4107470.0,64.1,64.5,63.9,64.2,+0.10,53.0
2021-03-29,116540.0,7525369.0,64.4,65.1,64.0,64.5,+0.30,93.0
2021-03-30,210982.0,13769874.0,64.9,65.6,64.8,65.5,+1.00,165.0
2021-03-31,205276.0,13523822.0,65.7,66.1,65.6,65.9,+0.40,141.0
2021-04-01,522639.0,35207083.0,66.1,68.6,66.1,67.8,+1.90,405.0
2021-04-06,371955.0,25613133.0,68.8,69.2,68.3,69.0,+1.20,294.0
2021-04-07,229932.0,15761075.0,70.3,70.3,67.8,68.0,-1.00,189.0
2021-04-08,180539.0,12299515.0,68.0,68.8,67.8,68.3,+0.30,130.0
2021-04-09,134387.0,9088334.0,68.5,68.6,67.1,67.9,-0.40,113.0
2021-04-12,109909.0,7454770.0,68.0,68.5,67.5,67.5,-0.40,89.0
2021-04-13,106288.0,7223139.0,67.5,68.5,67.5,67.8,+0.30,90.0
2021-04-14,226963.0,15136858.0,67.8,67.8,65.9,66.6,-1.20,159.0
2021-04-15,135781.0,9218314.0,66.8,68.5,66.8,67.7,+1.10,110.0
2021-04-16,194707.0,13219803.0,68.0,68.2,67.7,67.8,+0.10,114.0
2021-04-19,378535.0,26154803.0,68.0,69.7,68.0,69.3,+1.50,302.0
2021-04-20,154299.0,10651771.0,69.8,69.8,68.6,68.7,-0.60,117.0
2021-04-21,133168.0,9110263.0,68.1,68.8,68.1,68.3,-0.40,126.0
2021-04-22,305584.0,20982778.0,68.3,69.5,68.0,68.5,+0.20,225.0
2021-04-23,129931.0,8875570.0,68.5,68.6,68.1,68.5, 0.00,112.0
2021-04-26,99760.0,6813755.0,68.5,68.6,68.1,68.1,-0.40,94.0
2021-04-27,99399.0,6782804.0,68.2,68.6,68.1,68.4,+0.30,79.0
2021-04-28,95000.0,6492200.0,68.3,68.6,68.0,68.4, 0.00,75.0
2021-04-29,120066.0,8257212.0,68.4,69.2,68.3,68.8,+0.40,118.0
2021-05-03,127550.0,8753502.0,69.1,69.4,68.1,68.2,-0.60,110.0
2021-05-04,360015.0,23784024.0,68.3,68.3,64.9,65.7,-2.50,222.0
2021-05-05,50691.0,3334146.0,65.7,66.2,65.5,65.7, 0.00,52.0
2021-05-06,62246.0,4085741.0,65.2,66.4,65.1,65.1,-0.60,58.0
2021-05-07,37426.0,2460004.0,66.0,66.0,65.3,65.8,+0.70,33.0
2021-05-10,63148.0,4211780.0,66.0,67.5,66.0,66.4,+0.60,69.0
2021-05-11,132425.0,8542334.0,66.6,66.6,63.0,63.5,-2.90,107.0
2021-05-12,139317.0,8566247.0,63.8,63.8,60.1,61.0,-2.50,110.0
2021-05-13,51620.0,3126044.0,60.0,61.6,59.4,60.6,-0.40,64.0
2021-05-14,83531.0,5105955.0,60.1,62.8,60.1,60.8,+0.20,62.0
2021-05-17,115919.0,6773597.0,59.0,60.7,56.2,57.4,-3.40,110.0
2021-05-18,43716.0,2630308.0,59.9,61.0,59.3,60.9,+3.50,50.0
2021-05-19,34232.0,2081229.0,61.0,61.2,60.5,60.6,-0.30,33.0
2021-05-20,29036.0,1757376.0,60.8,61.5,60.0,60.4,-0.20,24.0
2021-05-21,42131.0,2586167.0,61.4,61.9,61.0,61.2,+0.80,36.0
2021-05-24,28610.0,1754189.0,61.2,61.5,61.2,61.5,+0.30,24.0
2021-05-25,45312.0,2788749.0,61.5,62.0,61.2,61.8,+0.30,32.0
2021-05-26,27112.0,1677862.0,62.0,62.4,61.4,62.4,+0.60,28.0
2021-05-27,44295.0,2752859.0,62.3,62.5,62.0,62.3,-0.10,37.0
2021-05-28,51080.0,3197731.0,62.4,62.9,62.4,62.9,+0.60,45.0
2021-05-31,55971.0,3528287.0,63.0,63.5,62.7,63.3,+0.40,60.0
2021-06-01,13101.0,828885.0,63.3,63.5,63.1,63.5,+0.20,20.0
2021-06-02,17966.0,1131386.0,63.5,63.5,62.4,62.4,-1.10,22.0
2021-06-03,4211.0,265889.0,63.3,63.3,63.0,63.0,+0.60,7.0
2021-06-04,29752.0,1883366.0,63.2,63.6,62.6,63.2,+0.20,33.0
2021-06-07,14173.0,884419.0,63.0,63.0,62.0,62.5,-0.70,18.0
2021-06-08,11000.0,691300.0,62.7,63.0,62.7,62.9,+0.40,10.0
2021-06-09,48030.0,3031000.0,63.3,63.7,62.9,63.0,+0.10,49.0
2021-06-10,22101.0,1406213.0,63.5,63.9,63.4,63.4,+0.40,24.0
2021-06-11,16264.0,1033584.0,64.0,64.0,63.2,63.5,+0.10,16.0
2021-06-15,20246.0,1279878.0,63.5,63.5,63.1,63.5, 0.00,22.0
2021-06-16,25131.0,1498208.0,63.1,63.8,63.0,63.0,-0.50,12.0
2021-06-17,20201.0,1284663.0,63.0,63.9,63.0,63.9,+0.90,26.0
2021-06-18,29000.0,1852300.0,63.9,64.3,63.6,63.6,-0.30,28.0
2021-06-21,29884.0,1851777.0,63.5,63.5,63.0,63.0,-0.60,29.0
2021-06-22,20459.0,1290152.0,63.9,63.9,63.0,63.2,+0.20,38.0
2021-06-23,19000.0,1205100.0,63.1,63.5,63.1,63.2, 0.00,14.0
2021-06-24,33000.0,2085200.0,63.5,63.6,63.0,63.6,+0.40,28.0
2021-06-25,29181.0,1862399.0,63.9,64.0,63.7,63.7,+0.10,33.0
2021-06-28,66589.0,4266957.0,64.0,64.4,64.0,64.0,+0.30,46.0
2021-06-29,42163.0,2668045.0,64.2,64.4,63.9,64.3,+0.30,34.0
2021-06-30,46039.0,2959088.0,64.4,64.7,64.0,64.2,-0.10,36.0
2021-07-01,95034.0,6128166.0,64.8,64.9,64.0,64.6,+0.40,76.0
2021-07-02,36297.0,2361755.0,64.2,66.0,64.2,64.7,+0.10,40.0
2021-07-05,98599.0,6444788.0,65.8,65.8,64.6,65.8,+1.10,78.0
2021-07-06,41000.0,2704900.0,66.0,66.5,65.5,65.5,-0.30,29.0
2021-07-07,35581.0,2325770.0,65.6,66.0,65.0,65.1,-0.40,36.0
2021-07-08,28055.0,1823316.0,65.0,65.8,64.6,64.6,-0.50,31.0
2021-07-09,41249.0,2658106.0,65.0,65.0,64.0,64.3,-0.30,30.0
2021-07-12,26687.0,1721486.0,64.3,65.0,64.3,64.8,+0.50,22.0
2021-07-13,36100.0,2330658.0,64.9,65.0,64.1,64.9,+0.10,40.0
2021-07-14,13095.0,850387.0,64.4,65.0,64.4,65.0,+0.10,16.0
2021-07-15,33149.0,2158956.0,65.8,65.8,64.7,65.0, 0.00,30.0
2021-07-16,42278.0,2724553.0,65.2,65.2,64.2,64.8,-0.20,46.0
2021-07-19,28512.0,1846035.0,64.8,64.9,64.3,64.9,+0.10,32.0
2021-07-20,100102.0,6491116.0,64.7,65.0,64.7,64.8,-0.10,83.0
2021-07-21,110183.0,6837059.0,62.8,62.8,61.7,61.8,X0.00,97.0
2021-07-22,39284.0,2440968.0,62.0,62.5,62.0,62.0,+0.20,38.0
2021-07-23,15040.0,937908.0,62.4,62.6,62.0,62.6,+0.60,15.0
2021-07-26,18228.0,1140278.0,62.7,62.7,62.4,62.6, 0.00,17.0
2021-07-27,49150.0,3036155.0,62.3,62.4,61.5,62.0,-0.60,34.0
2021-07-28,32041.0,1949309.0,60.8,61.6,60.3,61.5,-0.50,36.0
2021-07-29,21075.0,1297012.0,61.1,62.1,61.1,61.5, 0.00,26.0
2021-07-30,23188.0,1420991.0,61.5,61.6,61.0,61.0,-0.50,26.0
2021-08-02,40444.0,2453082.0,61.0,61.0,60.4,61.0, 0.00,43.0
2021-08-03,61035.0,3699827.0,61.5,61.5,60.3,61.0, 0.00,56.0
2021-08-04,7123.0,435103.0,60.6,61.5,60.6,61.3,+0.30,8.0
2021-08-05,199340.0,12610140.0,62.2,64.9,62.0,62.3,+1.00,193.0
2021-08-06,31331.0,1943998.0,62.5,62.5,61.5,62.3, 0.00,36.0
2021-08-09,27146.0,1680478.0,62.3,62.3,61.5,61.8,-0.50,30.0
2021-08-10,17100.0,1054520.0,61.5,62.3,61.2,61.6,-0.20,18.0
2021-08-11,8271.0,507399.0,61.4,61.6,61.0,61.0,-0.60,12.0
2021-08-12,6693.0,411788.0,62.0,62.0,61.2,61.6,+0.60,8.0
2021-08-13,23108.0,1422353.0,61.6,61.6,61.4,61.6, 0.00,18.0
2021-08-16,51004.0,3097352.0,61.5,61.5,60.0,60.1,-1.50,32.0
2021-08-17,37796.0,2275537.0,60.2,60.3,60.0,60.0,-0.10,30.0
2021-08-18,15176.0,912647.0,60.0,60.5,60.0,60.4,+0.40,17.0
2021-08-19,50264.0,3010128.0,60.0,60.1,59.6,59.8,-0.60,41.0
2021-08-20,6000.0,359500.0,59.8,60.3,59.8,59.8, 0.00,6.0
2021-08-23,28191.0,1701774.0,60.8,60.8,60.0,60.6,+0.80,28.0
2021-08-24,7000.0,424100.0,61.0,61.0,60.1,60.6, 0.00,7.0
2021-08-25,22338.0,1355168.0,60.6,60.9,60.2,60.9,+0.30,20.0
2021-08-26,11050.0,671260.0,60.8,60.8,60.6,60.6,-0.30,11.0
2021-08-27,42500.0,2616273.0,60.6,62.2,60.1,61.8,+1.20,48.0
2021-08-30,39301.0,2441556.0,62.2,62.4,61.6,62.2,+0.40,34.0
2021-08-31,17089.0,1059944.0,62.3,62.3,61.7,62.3,+0.10,18.0
2021-09-01,19000.0,1188900.0,62.7,62.7,62.3,62.5,+0.20,18.0
2021-09-02,25100.0,1566659.0,62.8,62.8,61.8,62.4,-0.10,19.0
2021-09-03,66354.0,4162789.0,62.6,63.0,62.5,63.0,+0.60,65.0
2021-09-06,82686.0,5233209.0,63.3,63.7,63.0,63.0, 0.00,85.0
2021-09-07,35192.0,2211551.0,63.0,63.1,62.3,63.0, 0.00,37.0
2021-09-08,35071.0,2193958.0,63.3,63.3,61.7,62.8,-0.20,27.0
2021-09-09,133556.0,8530289.0,62.6,64.5,62.5,64.5,+1.70,130.0
2021-09-10,262365.0,17188024.0,65.0,66.9,64.8,65.1,+0.60,224.0
2021-09-13,607749.0,41440303.0,66.5,69.9,66.5,67.8,+2.70,546.0
2021-09-14,1851119.0,132060103.0,69.0,73.7,68.3,72.0,+4.20,1506.0
2021-09-15,3105992.0,227178554.0,72.0,75.5,70.3,70.3,-1.70,2197.0
2021-09-16,585764.0,40749995.0,71.0,71.3,68.8,69.9,-0.40,588.0
2021-09-17,306342.0,21022490.0,70.0,70.0,68.0,68.1,-1.80,388.0
2021-09-22,435507.0,30349969.0,66.8,71.0,66.8,69.8,+1.70,430.0
2021-09-23,243347.0,16860711.0,70.0,70.2,68.5,69.0,-0.80,262.0
2021-09-24,156458.0,10965007.0,69.8,71.0,69.1,69.8,+0.80,144.0
2021-09-27,204659.0,14282862.0,69.9,70.6,69.0,69.2,-0.60,188.0
2021-09-28,152151.0,10393207.0,69.0,69.0,68.0,68.1,-1.10,141.0
2021-09-29,140561.0,9445235.0,67.4,67.9,66.9,67.3,-0.80,133.0
2021-09-30,142030.0,9508198.0,67.9,67.9,66.3,67.4,+0.10,156.0
2021-10-01,237682.0,15712545.0,67.4,67.4,65.7,65.8,-1.60,171.0
2021-10-04,94315.0,6183243.0,66.5,66.5,65.2,65.2,-0.60,196.0
2021-10-05,391189.0,25894259.0,65.2,67.9,64.8,65.8,+0.60,185.0
2021-10-06,123971.0,8247135.0,66.5,67.1,66.0,66.7,+0.90,157.0
2021-10-07,559026.0,38052341.0,66.7,69.4,66.7,68.0,+1.30,387.0
2021-10-08,417324.0,28560420.0,67.8,69.5,67.4,67.7,-0.30,195.0
2021-10-12,117878.0,7932654.0,67.7,67.8,66.7,67.7, 0.00,210.0
2021-10-13,127138.0,8568749.0,67.7,68.1,66.7,67.5,-0.20,116.0
2021-10-14,227264.0,15493062.0,67.9,69.2,67.1,67.6,+0.10,212.0
2021-10-15,317480.0,21806165.0,67.5,69.8,67.5,68.8,+1.20,236.0
2021-10-18,634702.0,44873758.0,69.8,71.4,69.5,71.0,+2.20,517.0
2021-10-19,306787.0,21721021.0,72.0,72.1,69.7,70.7,-0.30,259.0
2021-10-20,95970.0,6745145.0,70.9,71.5,69.8,70.4,-0.30,177.0
2021-10-21,163531.0,11450586.0,70.6,70.6,69.3,69.7,-0.70,127.0
2021-10-22,87674.0,6090445.0,70.0,70.1,69.0,70.0,+0.30,115.0
2021-10-25,80715.0,5649976.0,70.0,70.4,69.6,69.9,-0.10,144.0
2021-10-26,243718.0,17024743.0,70.4,70.4,69.4,69.7,-0.20,113.0
2021-10-27,74363.0,5181756.0,69.9,70.0,69.3,69.8,+0.10,133.0
2021-10-28,154391.0,10744266.0,70.2,70.2,69.2,69.2,-0.60,117.0
2021-10-29,111933.0,7752258.0,69.2,69.8,69.0,69.5,+0.30,239.0
2021-11-01,273023.0,19282931.0,69.5,71.7,69.2,70.6,+1.10,328.0
2021-11-02,147768.0,10451255.0,70.9,71.5,70.2,70.5,-0.10,148.0
2021-11-03,124247.0,8803315.0,70.5,71.5,70.2,71.5,+1.00,199.0
2021-11-04,1875514.0,146366658.0,75.5,78.6,75.5,78.6,+7.10,942.0
2021-11-05,2542505.0,213872450.0,80.6,86.4,80.2,86.4,+7.80,1632.0
2021-11-08,6524204.0,581048344.0,90.0,95.0,80.1,80.1,-6.30,4766.0
2021-11-09,2620453.0,224262948.0,81.9,88.1,81.9,88.1,+8.00,1722.0
2021-11-10,12958362.0,1207905234.0,95.0,96.9,89.0,89.2,+1.10,9183.0
2021-11-11,6148837.0,539545681.0,89.3,92.0,82.6,83.6,-5.60,4453.0
2021-11-12,2157601.0,178915997.0,85.9,85.9,80.8,83.5,-0.10,1878.0
2021-11-15,1578862.0,132928616.0,84.0,85.7,83.0,83.7,+0.20,1235.0
2021-11-16,892344.0,74207535.0,83.6,84.5,81.8,82.1,-1.60,716.0
2021-11-17,845712.0,69767465.0,82.1,84.0,81.1,82.6,+0.50,649.0
2021-11-18,566976.0,46652457.0,82.7,83.2,81.3,81.8,-0.80,490.0
2021-11-19,486770.0,40017900.0,83.0,83.0,81.6,81.9,+0.10,368.0
2021-11-22,460574.0,38092016.0,83.0,83.6,81.4,82.9,+1.00,375.0
2021-11-23,3123484.0,271546968.0,83.7,89.8,83.1,83.5,+0.60,2323.0
2021-11-24,1095411.0,92460918.0,85.0,86.8,83.0,83.6,+0.10,1030.0
2021-11-25,581008.0,48190525.0,84.4,84.5,82.0,82.3,-1.30,464.0
2021-11-26,660644.0,53483326.0,81.9,82.0,80.5,80.5,-1.80,513.0
2021-11-29,580108.0,46027639.0,78.2,81.0,77.0,80.0,-0.50,468.0
2021-11-30,1398867.0,114516998.0,81.4,84.6,80.1,80.1,+0.10,1029.0
2021-12-01,484118.0,39352834.0,80.1,83.0,79.3,82.7,+2.60,450.0
2021-12-02,327191.0,26888156.0,83.5,83.5,81.7,81.8,-0.90,474.0
2021-12-03,2416830.0,210893479.0,83.0,89.9,82.6,87.7,+5.90,1976.0
2021-12-06,4039506.0,378475857.0,96.2,96.3,90.0,93.8,+6.10,3805.0
2021-12-07,1581367.0,147454996.0,93.8,96.0,91.1,92.1,-1.70,1809.0
2021-12-08,3494789.0,343480251.0,92.7,101.0,91.5,101.0,+8.90,2155.0
2021-12-09,4714413.0,478583112.0,104.0,106.0,98.6,101.0, 0.00,3312.0
2021-12-10,4383881.0,464844747.0,102.0,110.5,100.5,105.0,+4.00,3933.0
2021-12-13,2525836.0,268692597.0,108.5,109.5,103.0,104.5,-0.50,2468.0
2021-12-14,3061796.0,308730108.0,105.5,107.0,97.1,99.3,-5.20,2285.0
2021-12-15,1492441.0,153271043.0,102.0,105.0,99.7,104.0,+4.70,1094.0
2021-12-16,3434037.0,370392188.0,105.5,113.5,103.0,109.5,+5.50,2499.0
2021-12-17,4535181.0,509454878.0,111.0,116.0,108.5,112.0,+2.50,3501.0
2021-12-20,5857040.0,700424836.0,114.5,123.0,113.5,123.0,+11.00,4011.0
2021-12-21,15585608.0,1932022086.0,120.0,130.5,116.5,116.5,-6.50,10817.0
2021-12-22,9291497.0,1162580388.0,120.0,128.0,119.0,128.0,+11.50,6083.0
2021-12-23,6213703.0,785032009.0,126.0,129.5,123.5,129.0,+1.00,4397.0
2021-12-24,10574572.0,1441858723.0,130.5,141.5,128.5,141.5,+12.50,6882.0
2021-12-27,13969926.0,2009584169.0,146.0,149.0,139.0,147.5,+6.00,9077.0
2021-12-28,7036507.0,1106413543.0,151.5,162.0,150.5,162.0,+14.50,3896.0
2021-12-29,25535485.0,4332479930.0,172.0,178.0,162.5,178.0,+16.00,15849.0
2021-12-30,27838418.0,5026683309.0,180.0,187.5,174.0,174.5,-3.50,19763.0
2022-01-03,2556261.0,434251666.0,175.0,175.0,167.0,169.5,-5.00,2053.0
2022-01-04,1316637.0,226326336.0,173.0,174.5,168.0,171.0,+1.50,1165.0
2022-01-05,1289352.0,221757624.0,173.0,173.5,170.0,173.5,+2.50,1045.0
2022-01-06,2683602.0,430687130.0,156.5,165.0,156.5,161.0,-12.50,2146.0
2022-01-07,1518834.0,242097345.0,162.0,165.0,154.5,157.0,-4.00,1193.0
2022-01-10,822547.0,130157840.0,154.0,161.5,153.5,161.0,+4.00,740.0
2022-01-11,912705.0,141819006.0,157.5,161.0,152.0,153.5,-7.50,769.0
2022-01-12,1246119.0,198747362.0,155.5,163.0,155.5,158.0,+4.50,986.0
2022-01-13,1283649.0,194514958.0,158.5,158.5,147.0,149.0,-9.00,1082.0
2022-01-14,1200722.0,173958719.0,149.0,149.0,141.0,147.5,-1.50,948.0
2022-01-17,1685701.0,262960888.0,148.0,159.5,148.0,158.0,+10.50,1493.0
2022-01-18,1544535.0,241799055.0,159.0,160.5,153.0,153.0,-5.00,1351.0
2022-01-19,3937638.0,579896898.0,152.0,152.5,143.5,147.5,-5.50,3467.0
2022-01-20,1928657.0,283648239.0,147.5,151.0,144.5,145.0,-2.50,1538.0
2022-01-21,4439682.0,589782698.0,139.0,140.0,130.5,130.5,-14.50,3191.0
2022-01-24,4381403.0,571108213.0,126.0,134.5,125.5,134.0,+3.50,3030.0
2022-01-25,3222592.0,410396980.0,128.0,133.0,123.5,126.5,-7.50,2502.0
2022-01-26,2449030.0,313345764.0,126.5,131.5,124.0,130.5,+4.00,1886.0
2022-02-07,2271288.0,290239013.0,132.5,133.0,124.0,132.5,+2.00,2307.0
2022-02-08,1476315.0,194850263.0,131.5,135.5,129.0,129.0,-3.50,1093.0
2022-02-09,2060081.0,285482898.0,132.0,141.5,130.5,141.5,+12.50,1376.0
2022-02-10,11616269.0,1773245128.0,155.5,155.5,147.5,151.5,+10.00,7478.0
2022-02-11,4464780.0,662861332.0,150.5,150.5,146.0,150.5,-1.00,3468.0
2022-02-14,3547740.0,501601377.0,146.0,146.5,136.5,136.5,-14.00,2803.0
2022-02-15,6734143.0,991677315.0,138.5,150.0,138.5,150.0,+13.50,4243.0
2022-02-16,14728885.0,2314161380.0,155.0,161.5,154.0,154.5,+4.50,11358.0
2022-02-17,4330325.0,665056503.0,153.0,159.0,150.0,158.5,+4.00,3655.0
2022-02-18,3939664.0,607400152.0,155.5,155.5,151.5,153.5,-5.00,2966.0
2022-02-21,2040448.0,308723013.0,153.0,154.5,149.0,149.5,-4.00,1922.0
2022-02-22,2435471.0,351670102.0,147.5,148.0,140.0,146.0,-3.50,2256.0
2022-02-23,3567572.0,537046950.0,149.0,155.0,148.0,148.0,+2.00,2780.0
2022-02-24,2133704.0,304141219.0,145.5,145.5,139.0,141.5,-6.50,2078.0
2022-02-25,1633810.0,235561649.0,145.5,146.5,142.0,142.5,+1.00,1317.0
2022-03-01,2715929.0,404157568.0,146.5,153.0,145.5,146.0,+3.50,2160.0
2022-03-02,1654771.0,245028565.0,146.5,151.0,146.5,147.0,+1.00,1473.0
2022-03-03,9506404.0,1518641964.0,149.0,161.5,149.0,161.5,+14.50,4295.0
2022-03-04,13627179.0,2167817525.0,162.0,164.0,153.0,153.0,-8.50,9046.0
2022-03-07,8578581.0,1311742813.0,153.0,158.0,144.5,144.5,-8.50,6682.0
2022-03-08,5072173.0,726610743.0,140.5,150.0,137.0,141.0,-3.50,4200.0
2022-03-09,2542222.0,366986116.0,144.5,147.0,142.0,146.0,+5.00,2061.0
2022-03-10,4160957.0,630528899.0,150.0,155.5,149.0,149.5,+3.50,3392.0
2022-03-11,3980078.0,606389523.0,149.0,156.0,148.5,152.5,+3.00,3610.0
2022-03-14,2154449.0,329402059.0,153.0,156.0,150.5,153.0,+0.50,1724.0
2022-03-15,1854682.0,275609566.0,155.0,155.0,145.5,145.5,-7.50,1694.0
2022-03-16,4375331.0,667239129.0,150.5,159.0,146.5,156.5,+11.00,3286.0
2022-03-17,17824369.0,2933524256.0,160.0,169.0,156.0,167.5,+11.00,13009.0
2022-03-18,18061178.0,3184193068.0,167.5,184.0,165.0,184.0,+16.50,12337.0
2022-03-21,34138495.0,6492445219.0,188.0,200.0,183.5,190.0,+6.00,22782.0
2022-03-22,30724952.0,6088675122.0,188.5,209.0,185.5,209.0,+19.00,21019.0
2022-03-23,35995969.0,7541068302.0,214.5,217.5,200.5,208.0,-1.00,24700.0
2022-03-24,23495490.0,4908262971.0,204.5,216.5,202.0,202.0,-6.00,17555.0
2022-03-25,13011407.0,2586913812.0,205.5,206.5,194.5,197.5,-4.50,9360.0
2022-03-28,16728703.0,3368911952.0,197.5,207.0,191.5,200.5,+3.00,12611.0
2022-03-29,7456933.0,1498753038.0,201.0,205.0,197.5,200.0,-0.50,6862.0
2022-03-30,9763080.0,1943452431.0,203.0,204.5,193.0,199.5,-0.50,7367.0
2022-03-31,10700807.0,2142417070.0,202.5,207.0,193.0,193.0,-6.50,8330.0
2022-04-01,8250538.0,1589528585.0,192.5,197.0,189.0,192.5,-0.50,6007.0
2022-04-06,4773680.0,920036183.0,189.5,198.0,187.5,195.5,+3.00,3788.0
2022-04-07,4885378.0,924710443.0,191.0,196.0,183.5,183.5,-12.00,3913.0
2022-04-08,11637472.0,2291833232.0,187.5,201.5,186.5,201.5,+18.00,8430.0
2022-04-11,28869981.0,5923089476.0,204.5,211.5,192.0,193.0,-8.50,20952.0
2022-04-12,6983335.0,1348723146.0,196.0,201.0,185.5,185.5,-7.50,6503.0
2022-04-13,3053398.0,570606359.0,190.5,191.0,183.0,184.0,-1.50,2420.0
2022-04-14,5015041.0,953765238.0,187.0,196.5,184.5,187.5,+3.50,4499.0
2022-04-15,4365507.0,790017826.0,185.5,187.5,174.5,175.5,-12.00,3547.0
2022-04-18,3109919.0,554687169.0,175.5,183.0,174.0,175.5, 0.00,2680.0
2022-04-19,12092670.0,2278272017.0,182.5,193.0,181.5,184.5,+9.00,8198.0
2022-04-20,7493124.0,1398934114.0,188.0,191.0,181.5,185.5,+1.00,5826.0
2022-04-21,2342023.0,431447225.0,187.5,188.0,181.0,182.5,-3.00,1901.0
2022-04-22,3411812.0,616206184.0,181.0,185.0,176.0,177.0,-5.50,2752.0
2022-04-25,3417658.0,584057476.0,172.0,174.0,168.5,170.0,-7.00,2547.0
2022-04-26,2640266.0,452096955.0,175.0,176.0,168.5,171.5,+1.50,2056.0
2022-04-27,3291763.0,551108636.0,166.5,173.0,162.5,173.0,+1.50,2669.0
2022-04-28,5753074.0,1009506000.0,171.0,181.0,170.5,171.0,-2.00,4908.0
2022-04-29,2670106.0,464117583.0,176.5,177.5,171.0,173.5,+2.50,3430.0
2022-05-03,1848297.0,320656978.0,171.0,177.0,168.5,175.5,+2.00,2053.0
2022-05-04,4672272.0,840229987.0,180.0,183.0,177.0,180.5,+5.00,4580.0
2022-05-05,2666729.0,485605950.0,185.0,186.0,179.0,180.5, 0.00,4161.0
2022-05-06,2045113.0,357625901.0,172.5,177.5,172.5,176.0,-4.50,1712.0
2022-05-09,1862989.0,327427024.0,177.0,178.5,173.5,175.0,-1.00,1558.0
2022-05-10,1818696.0,314544391.0,172.0,175.0,170.5,174.5,-0.50,1514.0
2022-05-11,2619685.0,463087507.0,175.5,179.5,174.0,174.5, 0.00,2151.0
2022-05-12,1905065.0,326771303.0,173.0,177.0,167.0,167.0,-7.50,2692.0
2022-05-13,3238518.0,554937406.0,170.5,176.0,167.0,174.5,+7.50,2551.0
2022-05-16,13720467.0,2565987322.0,175.0,191.5,175.0,189.5,+15.00,9988.0
2022-05-17,11007070.0,2075718933.0,187.5,191.0,185.5,191.0,+1.50,8183.0
2022-05-18,5629607.0,1064823029.0,193.0,194.0,185.5,188.0,-3.00,4284.0
2022-05-19,5917727.0,1080047151.0,184.0,188.5,177.0,186.5,-1.50,8389.0
2022-05-20,2975719.0,545347207.0,185.0,186.5,180.5,182.0,-4.50,2770.0
2022-05-23,4827746.0,899808375.0,184.0,190.5,182.0,184.0,+2.00,4919.0
2022-05-24,10157055.0,1898925356.0,185.5,192.5,180.0,181.0,-3.00,8893.0
2022-05-25,3912804.0,726052947.0,184.0,188.5,182.0,187.0,+6.00,3070.0
2022-05-26,3017500.0,554607943.0,187.0,187.0,181.5,182.5,-4.50,2395.0
2022-05-27,2896034.0,537395673.0,185.5,188.5,183.5,184.0,+1.50,5291.0
2022-05-30,7074672.0,1397230488.0,187.5,202.0,186.5,202.0,+18.00,4983.0
2022-05-31,16926997.0,3404421255.0,200.5,206.5,194.0,206.0,+4.00,12987.0
2022-06-01,16816029.0,3706260098.0,205.0,226.5,204.5,226.5,+20.50,11628.0
2022-06-02,29666691.0,6883122638.0,225.5,241.5,222.5,225.5,-1.00,21700.0
2022-06-06,21497867.0,4712576020.0,229.0,236.0,203.5,204.5,-21.00,18200.0
2022-06-07,11214040.0,2242658865.0,204.5,205.0,196.0,198.0,-6.50,8355.0
2022-06-08,10891480.0,2179071874.0,200.5,205.0,196.0,198.0, 0.00,8370.0
2022-06-09,4801330.0,957789761.0,198.0,202.5,197.0,200.0,+2.00,3814.0
2022-06-10,4387520.0,869248200.0,197.0,202.0,196.0,197.0,-3.00,3528.0
2022-06-13,5893315.0,1144238803.0,194.5,199.0,190.5,193.0,-4.00,4514.0
2022-06-14,5305148.0,1006402918.0,191.5,194.5,185.0,193.0, 0.00,4375.0
2022-06-15,4956281.0,948730209.0,193.0,196.0,188.0,188.0,-5.00,4938.0
2022-06-16,5849654.0,1082615315.0,192.5,193.5,178.0,178.0,-10.00,4736.0
2022-06-17,5397840.0,957553681.0,175.0,181.0,173.0,180.0,+2.00,4188.0
2022-06-20,4325223.0,749589049.0,178.5,179.0,169.0,170.0,-10.00,4410.0
2022-06-21,2823605.0,492522077.0,173.0,179.0,170.0,179.0,+9.00,2449.0
2022-06-22,4063051.0,694831460.0,179.5,179.5,166.0,167.5,-11.50,3318.0
2022-06-23,3337469.0,562729348.0,170.0,173.0,163.5,168.0,+0.50,2606.0
2022-06-24,2190455.0,369429539.0,168.0,172.0,165.5,168.0, 0.00,1813.0
2022-06-27,3184014.0,553081251.0,172.0,176.5,170.5,174.0,+6.00,2429.0
2022-06-28,2157717.0,364351318.0,174.0,174.0,165.0,170.0,-4.00,1855.0
2022-06-29,3448292.0,591178363.0,171.0,175.0,167.0,170.0, 0.00,2716.0
2022-06-30,2353246.0,382201541.0,171.5,172.0,158.0,158.5,-11.50,2009.0
2022-07-01,2843041.0,435355824.0,160.0,161.0,145.0,146.5,-12.00,2380.0
2022-07-04,2181327.0,325306200.0,149.0,153.0,145.0,146.5, 0.00,1789.0
2022-07-05,2514924.0,357073737.0,145.5,146.5,138.0,143.0,X0.00,1997.0
2022-07-06,2649791.0,362509617.0,141.0,142.0,133.0,133.5,-9.50,2071.0
2022-07-07,3072770.0,417334245.0,135.5,138.5,132.0,137.0,+3.50,2367.0
2022-07-08,3190737.0,445341480.0,139.0,143.5,136.5,137.5,+0.50,2485.0
2022-07-11,7059489.0,1010801663.0,140.0,149.5,138.5,138.5,+1.00,5305.0
2022-07-12,3638537.0,474932218.0,135.0,135.0,127.5,129.0,-9.50,3031.0
2022-07-13,3206761.0,434241328.0,134.5,137.5,133.5,134.5,+5.50,2352.0
2022-07-14,2354492.0,320474570.0,131.5,140.0,131.0,139.5,+5.00,1875.0
2022-07-15,3234608.0,452271129.0,140.0,143.0,136.5,139.0,-0.50,2719.0
2022-07-18,1866008.0,262716579.0,142.0,143.0,139.0,139.5,+0.50,1524.0
2022-07-19,2519937.0,354829940.0,139.0,143.5,139.0,139.0,-0.50,1979.0
2022-07-20,2090896.0,297049845.0,143.0,144.5,140.0,141.0,+2.00,1685.0
2022-07-21,2383146.0,339972390.0,141.5,145.0,140.0,144.0,+3.00,1887.0
2022-07-22,4435103.0,683004109.0,146.0,158.0,145.0,158.0,+14.00,3005.0
2022-07-25,8806044.0,1350043201.0,159.0,160.0,149.5,151.0,-7.00,7096.0
2022-07-26,3298497.0,488264649.0,151.0,152.5,145.0,145.5,-5.50,2638.0
2022-07-27,1738440.0,255277047.0,145.0,148.5,144.5,147.5,+2.00,1555.0
2022-07-28,2382984.0,352350618.0,149.0,152.0,145.0,148.0,+0.50,1924.0
2022-07-29,2516280.0,377852701.0,149.0,153.0,148.0,150.0,+2.00,1967.0
2022-08-01,1198418.0,178131027.0,148.5,150.0,147.5,148.0,-2.00,1000.0
2022-08-02,1086834.0,155540143.0,145.5,145.5,141.0,144.0,-4.00,1036.0
2022-08-03,1044374.0,149138259.0,143.0,145.5,140.0,141.0,-3.00,919.0
2022-08-04,1423237.0,197132905.0,141.5,142.0,135.0,140.0,-1.00,1299.0
2022-08-05,1106829.0,158237468.0,143.5,144.0,142.0,144.0,+4.00,936.0
2022-08-08,1130886.0,157932895.0,137.5,142.5,137.5,142.5,-1.50,1070.0
2022-08-09,775106.0,109227485.0,144.0,144.0,139.5,140.0,-2.50,688.0
2022-08-10,571978.0,79235317.0,138.0,139.5,137.0,138.0,-2.00,575.0
2022-08-11,796469.0,111762738.0,141.0,142.0,139.0,140.0,+2.00,726.0
2022-08-12,908264.0,128810314.0,140.0,143.0,139.5,143.0,+3.00,776.0
2022-08-15,1633137.0,238028731.0,145.5,147.5,144.0,147.5,+4.50,1418.0
2022-08-16,2509775.0,374741324.0,147.5,152.5,146.0,146.0,-1.50,2164.0
2022-08-17,4131837.0,622322196.0,147.0,154.0,146.5,149.0,+3.00,3277.0
2022-08-18,2019834.0,303679969.0,148.0,152.5,147.0,151.5,+2.50,1747.0
2022-08-19,8745910.0,1401854464.0,152.0,166.5,152.0,158.5,+7.00,6655.0
2022-08-22,9690820.0,1578252885.0,160.0,167.5,158.5,159.5,+1.00,8007.0
2022-08-23,5989126.0,973142499.0,160.0,166.5,159.0,159.5, 0.00,5139.0
2022-08-24,4050009.0,656043971.0,163.0,165.5,159.5,160.0,+0.50,3212.0
2022-08-25,2075720.0,335177544.0,162.5,164.0,159.5,161.0,+1.00,1862.0
2022-08-26,3244575.0,529657650.0,164.0,167.0,160.0,160.5,-0.50,2679.0
2022-08-29,1930775.0,293273149.0,153.0,154.5,150.5,151.0,-9.50,1793.0
2022-08-30,688765.0,104654257.0,153.0,153.5,151.0,152.0,+1.00,636.0
2022-08-31,984760.0,149718878.0,151.5,154.0,150.0,153.0,+1.00,875.0
2022-09-01,1584317.0,236081977.0,152.0,154.0,145.0,146.0,-7.00,1482.0
2022-09-02,1262697.0,181930472.0,146.0,147.0,143.0,143.0,-3.00,1170.0
2022-09-05,975172.0,137812990.0,144.0,144.5,139.5,140.5,-2.50,874.0
2022-09-06,1007709.0,140403084.0,140.0,143.0,137.5,138.0,-2.50,959.0
2022-09-07,1041508.0,141536398.0,136.0,139.5,133.5,139.5,+1.50,806.0
2022-09-08,816042.0,115208598.0,141.5,142.5,139.5,142.0,+2.50,709.0
2022-09-12,675830.0,97496169.0,144.0,145.5,143.0,144.0,+2.00,586.0
2022-09-13,820804.0,119204293.0,146.0,147.0,144.0,144.0, 0.00,730.0
2022-09-14,674091.0,94366707.0,137.5,142.0,137.0,141.0,-3.00,608.0
2022-09-15,567023.0,79955299.0,140.5,143.0,139.0,139.0,-2.00,545.0
2022-09-16,396136.0,54927738.0,137.5,140.5,137.5,139.0, 0.00,378.0
2022-09-19,659364.0,89650194.0,139.0,139.5,134.5,134.5,-4.50,684.0
2022-09-20,246039.0,33340936.0,134.5,136.5,134.5,136.0,+1.50,264.0
2022-09-21,262662.0,35300780.0,135.5,135.5,133.5,134.0,-2.00,270.0
2022-09-22,538646.0,72740260.0,132.5,137.0,132.0,136.5,+2.50,481.0
2022-09-23,460199.0,61737676.0,135.0,138.0,132.0,132.0,-4.50,501.0
2022-09-26,1755982.0,214839840.0,127.5,129.0,119.0,120.5,-11.50,1736.0
2022-09-27,1046110.0,125497870.0,121.0,123.0,117.5,123.0,+2.50,833.0
2022-09-28,1106500.0,129123341.0,121.0,122.0,113.5,114.0,-9.00,1057.0
2022-09-29,973959.0,115296640.0,118.5,121.0,116.5,118.5,+4.50,895.0
2022-09-30,863998.0,101057369.0,115.0,120.5,111.0,120.0,+1.50,748.0
2022-10-03,406995.0,48818796.0,118.5,122.0,118.0,119.5,-0.50,386.0
2022-10-04,442532.0,53628181.0,123.0,123.0,120.0,121.0,+1.50,413.0
2022-10-05,649423.0,79305322.0,123.0,124.5,119.5,119.5,-1.50,629.0
2022-10-06,775967.0,90700816.0,117.0,119.0,115.0,118.0,-1.50,701.0
2022-10-07,427329.0,49935006.0,118.5,118.5,115.5,116.0,-2.00,387.0
2022-10-11,629924.0,70066234.0,113.0,113.5,110.0,111.5,-4.50,605.0
2022-10-12,535703.0,59098368.0,111.5,112.5,108.5,111.0,-0.50,485.0
2022-10-13,1075886.0,113473386.0,111.5,111.5,103.0,103.5,-7.50,991.0
2022-10-14,953226.0,104785973.0,108.0,112.0,107.5,109.5,+6.00,856.0
2022-10-17,614050.0,65141242.0,106.5,109.5,103.5,109.5, 0.00,527.0
2022-10-18,366568.0,40446899.0,111.5,112.5,108.5,110.0,+0.50,342.0
2022-10-19,317219.0,35158542.0,111.0,112.0,110.0,110.0, 0.00,282.0
2022-10-20,871158.0,96940686.0,108.5,116.5,106.0,116.5,+6.50,745.0
2022-10-21,1808160.0,204935666.0,114.5,118.0,110.0,110.5,-6.00,1536.0
2022-10-24,597383.0,66105835.0,112.0,113.0,107.5,107.5,-3.00,551.0
2022-10-25,519660.0,54846388.0,107.5,108.0,104.0,104.0,-3.50,480.0
2022-10-26,493109.0,50893080.0,104.0,105.0,102.0,103.0,-1.00,456.0
2022-10-27,589672.0,62462885.0,104.0,107.5,103.5,107.5,+4.50,535.0
2022-10-28,465254.0,48641494.0,105.5,107.5,102.5,103.0,-4.50,481.0
2022-10-31,337823.0,35831338.0,105.0,107.5,104.5,106.5,+3.50,309.0
2022-11-01,465050.0,50033884.0,106.0,109.0,105.0,109.0,+2.50,422.0
2022-11-02,304768.0,33447476.0,108.5,110.5,108.0,110.0,+1.00,287.0
2022-11-03,259892.0,28455562.0,107.5,111.0,107.5,110.0, 0.00,213.0
2022-11-04,591367.0,62747211.0,108.0,108.5,104.5,107.0,-3.00,506.0
2022-11-07,3175142.0,360321065.0,107.5,117.5,107.5,112.0,+5.00,2147.0
2022-11-08,1264236.0,142337510.0,113.0,115.0,110.0,110.0,-2.00,1087.0
2022-11-09,670871.0,75545537.0,111.5,114.0,110.5,113.0,+3.00,582.0
2022-11-10,786226.0,87907340.0,113.0,114.5,110.0,111.5,-1.50,665.0
2022-11-11,2087340.0,241895872.0,115.0,118.0,113.5,118.0,+6.50,1643.0
2022-11-14,1992743.0,235280430.0,118.5,121.0,115.5,118.5,+0.50,1653.0
2022-11-15,3630379.0,443549378.0,119.5,124.0,118.5,122.5,+4.00,2913.0
2022-11-16,1767192.0,213749051.0,122.5,124.5,118.5,118.5,-4.00,1455.0
2022-11-17,812032.0,95734114.0,117.5,119.5,116.5,118.5, 0.00,698.0
2022-11-18,752920.0,88353713.0,118.5,120.0,115.0,116.0,-2.50,709.0
2022-11-21,482491.0,55589344.0,115.5,117.0,114.0,114.0,-2.00,425.0
2022-11-22,540079.0,62519799.0,115.0,117.5,113.5,117.0,+3.00,481.0
2022-11-23,644019.0,74930028.0,118.0,118.0,114.5,114.5,-2.50,574.0
2022-11-24,365172.0,42372422.0,115.0,117.0,115.0,116.5,+2.00,341.0
2022-11-25,561064.0,65786917.0,117.0,119.0,115.5,116.0,-0.50,492.0
2022-11-28,349030.0,40253174.0,114.5,117.0,113.0,116.5,+0.50,317.0
2022-11-29,663187.0,77648889.0,116.0,119.0,114.5,119.0,+2.50,562.0
2022-11-30,4927805.0,627538666.0,121.0,130.5,119.5,130.5,+11.50,3641.0
2022-12-01,9402529.0,1273096557.0,134.5,139.0,131.0,131.5,+1.00,6818.0
2022-12-02,1639201.0,212979902.0,130.0,132.0,128.5,129.0,-2.50,1788.0
2022-12-05,2220072.0,298521884.0,129.0,137.0,128.5,135.5,+6.50,2036.0
2022-12-06,2073902.0,280282634.0,134.0,139.0,131.0,132.0,-3.50,1900.0
2022-12-07,1757081.0,230289619.0,132.5,135.0,126.5,128.0,-4.00,1551.0
2022-12-08,2836899.0,379749193.0,129.5,138.0,128.0,133.5,+5.50,2381.0
2022-12-09,3173994.0,432218055.0,133.5,138.5,133.5,135.0,+1.50,2916.0
2022-12-12,1255291.0,169499806.0,136.5,137.0,133.5,133.5,-1.50,1095.0
2022-12-13,819348.0,108728134.0,136.0,136.5,129.5,130.0,-3.50,803.0
2022-12-14,953781.0,127105446.0,132.0,135.0,131.5,134.0,+4.00,891.0
2022-12-15,461333.0,61278797.0,133.5,134.5,131.5,132.0,-2.00,461.0
2022-12-16,953369.0,122345144.0,129.5,129.5,127.0,129.0,-3.00,915.0
2022-12-19,395296.0,49884735.0,128.5,128.5,124.5,124.5,-4.50,484.0
2022-12-20,922494.0,111994891.0,125.5,126.5,118.0,118.0,-6.50,929.0
2022-12-21,493666.0,59009713.0,119.0,121.5,118.0,118.5,+0.50,490.0
2022-12-22,417180.0,49979883.0,121.0,122.0,118.5,119.0,+0.50,432.0
2022-12-23,365705.0,43064057.0,117.5,119.5,116.0,119.0, 0.00,357.0
2022-12-26,146698.0,17384833.0,120.0,121.0,117.5,118.0,-1.00,173.0
2022-12-27,265890.0,31803383.0,119.0,120.5,118.0,119.5,+1.50,285.0
2022-12-28,369694.0,42853844.0,118.0,118.0,114.0,114.0,-5.50,459.0
2022-12-29,264036.0,29871904.0,112.5,115.5,111.0,114.5,+0.50,288.0
2022-12-30,220917.0,25536406.0,117.5,117.5,114.5,115.0,+0.50,235.0
2023-01-03,398034.0,46391056.0,116.0,119.0,113.5,117.0,+2.00,406.0
2023-01-04,1366022.0,165960372.0,118.0,124.0,118.0,119.5,+2.50,1213.0
2023-01-05,411941.0,49331790.0,120.0,122.0,117.5,118.0,-1.50,479.0
2023-01-06,247870.0,29340155.0,117.5,120.0,116.5,119.5,+1.50,237.0
2023-01-09,367942.0,44624138.0,121.5,122.5,120.0,121.5,+2.00,362.0
2023-01-10,1234822.0,154220823.0,125.0,128.0,121.5,122.0,+0.50,1167.0
2023-01-11,320178.0,39223667.0,122.5,124.0,121.5,122.0, 0.00,523.0
2023-01-12,174532.0,21169770.0,122.5,123.5,120.0,120.0,-2.00,208.0
2023-01-13,304530.0,36828717.0,122.0,123.5,119.0,119.5,-0.50,333.0
2023-01-16,146160.0,17496449.0,120.5,120.5,119.0,119.0,-0.50,179.0
2023-01-17,137992.0,16390768.0,118.0,119.5,118.0,119.0, 0.00,322.0
2023-01-30,473097.0,58072763.0,121.5,124.0,120.5,123.0,+4.00,469.0
2023-01-31,1512216.0,193024187.0,123.5,129.5,123.0,128.5,+5.50,1296.0
2023-02-01,2203478.0,288346045.0,130.0,134.0,125.5,132.5,+4.00,2160.0
2023-02-02,998924.0,133064794.0,136.0,136.0,132.0,132.5, 0.00,926.0
2023-02-03,563733.0,73466598.0,133.0,133.0,129.5,129.5,-3.00,630.0
2023-02-06,360067.0,46452394.0,128.0,131.0,127.0,128.5,-1.00,364.0
2023-02-07,489653.0,63713229.0,130.0,131.5,128.5,131.0,+2.50,549.0
2023-02-08,545063.0,71684185.0,132.5,132.5,130.5,130.5,-0.50,691.0
2023-02-09,293556.0,38081663.0,130.5,131.0,129.0,129.5,-1.00,331.0
2023-02-10,444058.0,56437840.0,129.5,129.5,126.0,126.0,-3.50,447.0
2023-02-13,603539.0,77602201.0,127.0,131.0,125.0,130.0,+4.00,572.0
2023-02-14,502656.0,65650223.0,130.0,132.0,129.5,130.0, 0.00,521.0
2023-02-15,394236.0,50780014.0,130.0,130.0,127.5,129.0,-1.00,364.0
2023-02-16,623356.0,81816958.0,129.5,133.0,129.5,131.5,+2.50,658.0
2023-02-17,244073.0,31786098.0,130.5,131.5,129.5,130.5,-1.00,423.0
2023-02-20,309170.0,40401392.0,131.0,131.5,129.5,130.5, 0.00,259.0
2023-02-21,202900.0,26485992.0,131.5,131.5,130.0,130.0,-0.50,223.0
2023-02-22,353371.0,45707581.0,128.5,131.0,128.0,130.0, 0.00,330.0
2023-02-23,684976.0,89566906.0,130.0,133.0,128.5,131.0,+1.00,642.0
2023-02-24,712429.0,92467874.0,132.0,132.0,128.0,131.0, 0.00,586.0
2023-03-01,470944.0,60751732.0,128.0,130.5,128.0,128.5,-2.50,416.0
2023-03-02,239811.0,30938118.0,128.5,129.5,128.0,129.0,+0.50,245.0
2023-03-03,877076.0,116088256.0,130.5,134.5,129.0,131.5,+2.50,834.0
2023-03-06,627917.0,83899842.0,135.0,135.0,132.5,133.0,+1.50,638.0
2023-03-07,418463.0,55000462.0,133.5,133.5,130.0,131.0,-2.00,417.0
2023-03-08,376972.0,48972288.0,130.0,131.5,128.0,131.0, 0.00,300.0
2023-03-09,305337.0,39740790.0,130.5,131.5,129.5,129.5,-1.50,295.0
2023-03-10,594865.0,75804104.0,128.5,128.5,126.0,126.0,-3.50,578.0
2023-03-13,444522.0,54851010.0,125.0,125.0,121.0,123.0,-3.00,455.0
2023-03-14,303886.0,37482281.0,120.5,126.0,120.5,124.5,+1.50,300.0
2023-03-15,171378.0,21365486.0,126.5,126.5,123.5,123.5,-1.00,213.0
2023-03-16,275855.0,33322749.0,123.5,123.5,119.5,120.0,-3.50,345.0
2023-03-17,190447.0,23248015.0,120.5,123.5,120.5,122.0,+2.00,185.0
2023-03-20,215983.0,26545759.0,121.0,124.0,121.0,123.0,+1.00,200.0
2023-03-21,285112.0,35736091.0,125.0,127.0,123.0,125.5,+2.50,299.0
2023-03-22,586846.0,75912207.0,126.5,131.5,126.5,129.5,+4.00,565.0
2023-03-23,416844.0,54142997.0,129.5,131.5,128.0,129.0,-0.50,476.0
2023-03-24,160347.0,20682239.0,130.0,130.0,128.0,128.0,-1.00,235.0
2023-03-27,425974.0,55192607.0,130.0,131.0,126.5,130.0,+2.00,366.0
2023-03-28,213116.0,27500813.0,130.0,130.5,128.0,128.0,-2.00,285.0
2023-03-29,111087.0,14191004.0,129.0,129.5,127.0,127.0,-1.00,159.0
2023-03-30,1515096.0,200922144.0,129.5,135.0,128.5,132.5,+5.50,1423.0
2023-03-31,733675.0,96849851.0,134.5,135.0,129.0,130.0,-2.50,957.0
2023-04-06,225003.0,29111736.0,131.5,131.5,128.0,130.5,+0.50,329.0
2023-04-07,178857.0,23192118.0,131.0,131.5,129.0,129.5,-1.00,180.0
2023-04-10,312288.0,40802759.0,130.0,132.5,129.0,131.5,+2.00,339.0
2023-04-11,168039.0,22078266.0,131.5,132.0,131.0,131.0,-0.50,193.0
2023-04-12,194234.0,25421377.0,132.0,132.0,130.5,130.5,-0.50,239.0
2023-04-13,231268.0,30019079.0,131.5,131.5,128.0,129.5,-1.00,234.0
2023-04-14,327044.0,42662902.0,130.5,132.0,129.0,131.0,+1.50,301.0
2023-04-17,4467388.0,626013467.0,132.0,144.0,132.0,143.5,+12.50,3235.0
2023-04-18,1795606.0,254039853.0,143.5,144.5,139.0,141.0,-2.50,1548.0
2023-04-19,863569.0,119297338.0,141.0,141.0,136.5,138.5,-2.50,859.0
2023-04-20,472139.0,64308332.0,137.0,139.0,135.0,135.0,-3.50,481.0
2023-04-21,1068475.0,142279526.0,136.5,139.0,129.0,129.5,-5.50,1014.0
2023-04-24,2593175.0,349993653.0,131.0,138.5,130.5,131.0,+1.50,2160.0
2023-04-25,3941413.0,521060726.0,132.5,138.0,124.5,125.5,-5.50,3620.0
2023-04-26,3135910.0,400314688.0,127.0,133.5,120.5,128.0,+2.50,2781.0
2023-04-27,5882765.0,786624590.0,130.0,137.0,129.0,134.0,+6.00,4827.0
2023-04-28,2331552.0,316388393.0,137.5,138.5,134.0,136.5,+2.50,1994.0
2023-05-02,783828.0,106644289.0,136.5,137.0,134.5,136.5, 0.00,725.0
2023-05-03,563336.0,76312990.0,135.5,137.0,133.5,136.5, 0.00,614.0
2023-05-04,857659.0,117551240.0,137.0,138.5,134.5,136.5, 0.00,740.0
2023-05-05,437257.0,59433918.0,136.5,138.0,134.0,134.0,-2.50,456.0
2023-05-08,1295465.0,167571988.0,132.5,133.0,127.5,127.5,-6.50,1302.0
2023-05-09,564822.0,72622307.0,127.5,130.0,127.0,128.0,+0.50,610.0
2023-05-10,239398.0,30481889.0,128.0,128.5,126.5,126.5,-1.50,273.0
2023-05-11,511798.0,65727662.0,127.0,130.5,127.0,127.0,+0.50,499.0
2023-05-12,209030.0,26751434.0,127.0,129.5,126.5,129.0,+2.00,211.0
2023-05-15,97649.0,12426108.0,129.0,129.0,126.5,127.5,-1.50,125.0
2023-05-16,800784.0,104631652.0,128.5,132.5,128.0,130.5,+3.00,648.0
2023-05-17,240568.0,31525164.0,130.5,132.0,130.0,130.5, 0.00,282.0
2023-05-18,229270.0,29966409.0,132.5,133.0,129.0,129.5,-1.00,257.0
2023-05-19,1077305.0,143608134.0,131.0,136.5,130.5,133.0,+3.50,1001.0
2023-05-22,124379.0,16381178.0,131.5,133.5,131.0,131.5,-1.50,484.0
2023-05-23,159583.0,20914717.0,132.0,132.0,130.0,131.0,-0.50,173.0
2023-05-24,145427.0,18908985.0,130.0,131.0,129.5,130.0,-1.00,167.0
2023-05-25,154323.0,20082935.0,131.0,131.5,129.5,129.5,-0.50,161.0
2023-05-26,295198.0,38695199.0,130.0,133.0,130.0,130.5,+1.00,297.0
2023-05-29,129961.0,17054311.0,132.0,132.0,130.5,131.0,+0.50,150.0
2023-05-30,114230.0,14923683.0,131.0,131.0,130.0,131.0, 0.00,137.0
2023-05-31,127189.0,16683564.0,131.0,132.5,130.5,131.0, 0.00,155.0
2023-06-01,258239.0,34135675.0,132.0,133.5,130.0,132.0,+1.00,283.0
2023-06-02,158340.0,20976528.0,132.5,133.0,132.0,132.5,+0.50,199.0
2023-06-05,368703.0,49435984.0,134.0,135.0,132.5,133.0,+0.50,401.0
2023-06-06,193667.0,25720193.0,133.5,134.0,132.0,132.0,-1.00,208.0
2023-06-07,470095.0,63194654.0,133.0,136.0,132.0,136.0,+4.00,457.0
2023-06-08,303737.0,41110665.0,136.0,136.0,134.0,134.5,-1.50,336.0
2023-06-09,1177332.0,164067916.0,136.0,144.0,135.0,138.0,+3.50,1078.0
2023-06-12,459730.0,63654770.0,141.0,141.5,136.0,136.5,-1.50,620.0
2023-06-13,802655.0,112147895.0,138.0,142.0,137.5,140.0,+3.50,710.0
2023-06-14,2286738.0,329844334.0,142.0,148.5,140.5,144.0,+4.00,1976.0
2023-06-15,2483756.0,367765248.0,147.5,151.5,144.5,146.5,+2.50,2801.0
2023-06-16,2112488.0,311070366.0,146.0,151.0,142.0,151.0,+4.50,1982.0
2023-06-19,3579088.0,552888963.0,155.0,160.0,149.5,150.5,-0.50,2910.0
2023-06-20,964225.0,145988646.0,152.0,154.5,149.0,150.5, 0.00,942.0
2023-06-21,633765.0,93709627.0,150.0,151.0,146.5,147.0,-3.50,671.0
2023-06-26,671810.0,96614488.0,145.5,148.0,142.0,142.5,-4.50,657.0
2023-06-27,442489.0,62859429.0,143.0,144.5,140.0,140.0,-2.50,450.0
2023-06-28,232654.0,32773528.0,142.0,142.0,140.0,141.0,+1.00,249.0
2023-06-29,377068.0,53829797.0,142.0,145.0,140.5,143.5,+2.50,336.0
2023-06-30,298688.0,42034740.0,144.0,144.0,139.0,141.0,-2.50,324.0
2023-07-03,335736.0,47651671.0,142.5,143.0,141.0,142.0,+1.00,290.0
2023-07-04,517729.0,74749471.0,143.5,146.5,142.0,146.0,+4.00,539.0
2023-07-05,1264955.0,187409652.0,146.5,150.0,146.5,148.0,+2.00,1074.0
2023-07-06,863189.0,120963051.0,142.5,143.0,138.0,138.5,X0.00,855.0
2023-07-07,416249.0,57239449.0,141.0,141.0,135.5,137.0,-1.50,409.0
2023-07-10,335074.0,45373760.0,137.5,137.5,134.5,135.0,-2.00,467.0
2023-07-11,1417426.0,205095662.0,136.0,148.0,136.0,146.0,+11.00,1307.0
2023-07-12,1243444.0,184408840.0,148.0,151.5,145.5,148.5,+2.50,1189.0
2023-07-13,892459.0,129986986.0,151.0,152.0,142.0,142.0,-6.50,1061.0
2023-07-14,518063.0,74699794.0,142.0,146.5,142.0,143.0,+1.00,728.0
2023-07-17,2055900.0,312858547.0,144.0,157.0,141.5,152.5,+9.50,1856.0
2023-07-18,4809106.0,738463134.0,156.0,162.5,143.5,146.5,-6.00,4370.0
2023-07-19,770263.0,111013203.0,147.0,147.5,141.5,142.5,-4.00,1057.0
2023-07-20,1082944.0,160869961.0,144.5,152.0,143.5,152.0,+9.50,1067.0
2023-07-21,1907360.0,287250131.0,145.5,156.5,145.0,151.0,-1.00,1608.0
2023-07-24,838669.0,124565544.0,152.0,152.0,146.0,149.5,-1.50,885.0
2023-07-25,1497133.0,230286236.0,149.5,156.0,149.0,154.0,+4.50,1456.0
2023-07-26,948724.0,143600895.0,155.0,157.0,149.0,149.0,-5.00,966.0
2023-07-27,797668.0,121586730.0,150.0,154.0,150.0,153.0,+4.00,733.0
2023-07-28,3048036.0,481784595.0,155.0,161.0,150.5,159.0,+6.00,2874.0
2023-07-31,3980971.0,644385969.0,163.0,169.0,153.0,154.0,-5.00,3397.0
2023-08-01,1314790.0,204571086.0,157.5,159.5,152.0,154.5,+0.50,1470.0
2023-08-02,1310217.0,194851442.0,153.5,153.5,145.0,147.5,-7.00,1395.0
2023-08-04,486867.0,72115888.0,147.0,150.5,145.0,148.5,+1.00,473.0
2023-08-07,662528.0,95750823.0,145.0,147.5,142.0,147.0,-1.50,636.0
2023-08-08,463267.0,66747753.0,149.0,149.0,143.0,143.0,-4.00,570.0
2023-08-09,473778.0,66691604.0,142.0,143.0,139.0,141.0,-2.00,527.0
2023-08-10,619014.0,84642141.0,140.0,140.0,136.0,136.0,-5.00,667.0
2023-08-11,206547.0,28235335.0,136.5,138.5,136.0,136.0, 0.00,254.0
2023-08-14,403783.0,53685491.0,137.0,137.0,132.0,132.0,-4.00,440.0
2023-08-15,197286.0,26477038.0,135.0,135.5,133.5,134.0,+2.00,193.0
2023-08-16,273245.0,35950184.0,133.5,133.5,130.0,132.5,-1.50,517.0
2023-08-17,286253.0,38011076.0,133.0,135.0,130.0,135.0,+2.50,313.0
2023-08-18,260978.0,34578852.0,135.0,135.0,131.0,131.0,-4.00,289.0
2023-08-21,118088.0,15530182.0,131.0,132.5,131.0,131.0, 0.00,203.0
2023-08-22,139959.0,18472598.0,132.5,133.5,131.0,131.0, 0.00,161.0
2023-08-23,89132.0,11773118.0,132.5,133.0,131.5,132.0,+1.00,125.0
2023-08-24,183017.0,24318887.0,132.5,134.0,131.5,133.5,+1.50,201.0
2023-08-25,132117.0,17412091.0,133.5,133.5,131.0,131.0,-2.50,168.0
2023-08-28,138998.0,18059813.0,131.5,131.5,129.0,130.0,-1.00,189.0
2023-08-29,113988.0,15043530.0,131.5,133.5,130.0,133.5,+3.50,148.0
2023-08-30,101654.0,13478763.0,134.0,134.5,132.0,132.5,-1.00,161.0
2023-08-31,106008.0,14117503.0,132.5,134.5,131.5,133.0,+0.50,116.0
2023-09-01,102508.0,13697107.0,133.0,134.5,133.0,133.0, 0.00,118.0
2023-09-04,147606.0,19823901.0,134.0,136.0,132.5,135.5,+2.50,163.0
2023-09-05,215170.0,29558249.0,136.5,138.5,136.0,138.0,+2.50,312.0
2023-09-06,234326.0,32086494.0,138.5,138.5,135.5,136.5,-1.50,405.0
2023-09-07,215537.0,29640017.0,136.5,139.0,136.0,137.5,+1.00,220.0
2023-09-08,99115.0,13425590.0,137.0,137.0,134.5,134.5,-3.00,130.0
2023-09-11,175008.0,23110911.0,134.5,134.5,131.0,131.0,-3.50,249.0
2023-09-12,109094.0,14355375.0,132.0,132.5,130.5,132.0,+1.00,137.0
2023-09-13,77874.0,10407818.0,132.0,134.5,132.0,134.0,+2.00,95.0
2023-09-14,133400.0,18150602.0,135.5,137.0,134.5,137.0,+3.00,165.0
2023-09-15,90463.0,12254602.0,137.0,137.0,134.5,135.0,-2.00,132.0
2023-09-18,88467.0,11973072.0,133.5,137.5,133.0,135.0, 0.00,118.0
2023-09-19,127329.0,17317251.0,135.5,137.0,135.0,135.0, 0.00,166.0
2023-09-20,91799.0,12412628.0,136.0,136.0,134.5,135.5,+0.50,118.0
2023-09-21,125501.0,16731304.0,134.5,134.5,132.0,133.5,-2.00,308.0
2023-09-22,71105.0,9568452.0,132.0,136.0,132.0,136.0,+2.50,108.0
2023-09-25,89384.0,12191167.0,136.0,137.0,135.5,136.5,+0.50,478.0
2023-09-26,63716.0,8557941.0,135.0,135.5,133.5,133.5,-3.00,104.0
2023-09-27,53278.0,7112163.0,133.0,134.5,133.0,133.5, 0.00,57.0
2023-09-28,157517.0,21414033.0,135.5,137.5,134.5,135.0,+1.50,174.0
2023-10-02,160559.0,22108344.0,136.0,139.0,136.0,138.0,+3.00,186.0
2023-10-03,60123.0,8257485.0,138.0,138.5,136.5,136.5,-1.50,87.0
2023-10-04,55400.0,7501337.0,135.5,136.5,135.0,135.0,-1.50,67.0
2023-10-05,141962.0,19367000.0,137.0,137.5,135.5,137.0,+2.00,141.0
2023-10-06,113544.0,15628979.0,137.0,138.5,137.0,137.5,+0.50,170.0
2023-10-11,206537.0,27801242.0,138.0,138.0,133.0,133.0,-4.50,283.0
2023-10-12,108720.0,14508840.0,133.0,134.5,133.0,133.5,+0.50,145.0
2023-10-13,143496.0,19067968.0,133.0,133.5,132.5,133.5, 0.00,162.0
2023-10-16,123152.0,16467499.0,133.0,134.5,132.0,134.5,+1.00,147.0
2023-10-17,167838.0,22858550.0,134.5,137.0,134.5,135.0,+0.50,186.0
2023-10-18,433792.0,57626714.0,135.5,135.5,131.0,134.0,-1.00,440.0
2023-10-19,38970.0,5181867.0,133.5,133.5,132.5,132.5,-1.50,232.0
2023-10-20,79055.0,10456338.0,131.5,134.0,131.0,132.0,-0.50,95.0
2023-10-23,1110413.0,150126916.0,135.0,142.0,130.5,130.5,-1.50,1010.0
2023-10-24,671841.0,86935046.0,131.0,134.0,127.5,128.0,-2.50,1054.0
2023-10-25,399489.0,51429430.0,128.5,130.0,127.5,130.0,+2.00,334.0
2023-10-26,245828.0,31276408.0,128.0,128.0,126.0,127.0,-3.00,298.0
2023-10-27,221527.0,28014494.0,127.0,127.5,125.5,125.5,-1.50,257.0
2023-10-30,151431.0,19010187.0,125.5,126.5,124.5,125.0,-0.50,166.0
2023-10-31,190492.0,23550110.0,126.5,126.5,122.0,122.5,-2.50,253.0
2023-11-01,163287.0,19905576.0,123.0,123.5,121.0,122.0,-0.50,228.0
2023-11-02,87499.0,10866406.0,122.5,125.0,122.5,124.0,+2.00,111.0
2023-11-03,61889.0,7761158.0,125.0,126.0,125.0,125.5,+1.50,81.0
2023-11-06,106282.0,13533635.0,126.0,128.5,126.0,127.5,+2.00,144.0
2023-11-07,42725.0,5444168.0,127.0,128.0,126.5,128.0,+0.50,75.0
2023-11-08,167347.0,21197484.0,128.5,128.5,126.0,126.5,-1.50,197.0
2023-11-09,199725.0,24820235.0,127.0,127.0,123.0,124.0,-2.50,280.0
2023-11-10,212844.0,26073966.0,123.5,124.0,121.5,122.5,-1.50,247.0
2023-11-13,134628.0,16652352.0,124.0,125.0,122.5,124.5,+2.00,146.0
2023-11-14,105249.0,13167281.0,126.0,126.0,124.5,125.5,+1.00,129.0
2023-11-15,333640.0,42500466.0,126.5,128.5,126.0,127.5,+2.00,347.0
2023-11-16,227403.0,29261313.0,128.0,130.0,127.0,129.5,+2.00,249.0
2023-11-17,103031.0,13328632.0,130.0,130.5,128.5,129.0,-0.50,148.0
2023-11-20,73674.0,9503751.0,128.0,130.0,128.0,128.5,-0.50,84.0
2023-11-21,113230.0,14620946.0,129.5,130.0,128.5,129.0,+0.50,153.0
2023-11-22,183372.0,23857379.0,129.0,131.0,129.0,130.5,+1.50,202.0
2023-11-23,94026.0,12204421.0,130.5,131.5,129.0,129.5,-1.00,127.0
2023-11-24,141607.0,18078467.0,130.0,130.0,127.0,128.0,-1.50,178.0
2023-11-27,70363.0,8943201.0,128.0,128.0,126.5,127.0,-1.00,101.0
2023-11-28,174414.0,22355298.0,128.0,129.0,127.5,129.0,+2.00,169.0
2023-11-29,228044.0,29203525.0,130.0,130.0,127.5,127.5,-1.50,247.0
2023-11-30,297821.0,38497729.0,128.5,130.5,127.5,130.5,+3.00,300.0
2023-12-01,139595.0,18098835.0,130.5,130.5,129.0,129.5,-1.00,177.0
2023-12-04,134343.0,17329805.0,129.0,130.0,128.5,129.5, 0.00,176.0
2023-12-05,180858.0,22913188.0,129.5,129.5,126.0,127.0,-2.50,271.0
2023-12-06,198702.0,25105021.0,126.5,127.0,126.0,126.0,-1.00,263.0
2023-12-07,260469.0,32457328.0,126.0,126.0,124.0,124.0,-2.00,397.0
2023-12-08,111198.0,13880324.0,124.5,126.0,124.0,125.0,+1.00,155.0
2023-12-11,53645.0,6667947.0,125.0,125.0,124.0,124.0,-1.00,112.0
2023-12-12,90479.0,11207287.0,124.0,124.5,123.5,124.0, 0.00,169.0
2023-12-13,62117.0,7689878.0,123.5,124.5,123.0,124.0, 0.00,86.0
2023-12-14,212767.0,26743895.0,125.5,126.5,124.5,125.5,+1.50,228.0
2023-12-15,161617.0,20241294.0,126.0,127.0,124.5,125.0,-0.50,202.0
2023-12-18,98623.0,12269827.0,126.0,126.0,124.0,124.0,-1.00,128.0
2023-12-19,136163.0,16787815.0,124.0,124.5,122.5,123.5,-0.50,173.0
2023-12-20,63963.0,7970476.0,124.0,125.0,124.0,124.5,+1.00,87.0
2023-12-21,111597.0,13754117.0,124.0,124.0,122.5,123.0,-1.50,164.0
2023-12-22,115334.0,14167752.0,123.0,123.0,122.5,122.5,-0.50,164.0
2023-12-25,58445.0,7211780.0,123.0,124.0,123.0,123.0,+0.50,113.0
2023-12-26,76568.0,9463614.0,123.0,124.5,123.0,123.5,+0.50,125.0
2023-12-27,134962.0,16813032.0,123.5,125.5,123.5,125.0,+1.50,178.0
2023-12-28,110710.0,13782310.0,125.0,125.5,124.0,125.5,+0.50,155.0
2023-12-29,85208.0,10682568.0,125.0,126.0,125.0,125.5, 0.00,126.0
